wSMI_1,wSMI_2,wSMI_4,wSMI_8,p_e_1,p_e_2,p_e_4,p_e_8,k,se,msf,sef90,sef95,b,b_n,g,g_n,ft,ft_n,t,t_n,d,d_n,a_n,a,CNV,P1,P3a,P3b
0.03798994433243946,0.035113532730198294,0.034686874867031335,0.03228848225014745,0.031485035773057016,0.03226700570112947,0.03477984688363218,0.03644963695611547,0.036297818174999094,0.028748201866236216,0.03210858677815065,0.0288837330265821,0.029639842553338992,0.03665454012580528,0.03025722674839564,0.03894575064663537,0.030450565880598662,0.038122489936080924,0.038285685579630246,0.03219529732488031,0.0341103874753418,0.03052411876519733,0.03639036961237116,0.03240962486790891,0.034848836108147464,0.040013345861238794,0.039007970907937284,0.03693103785234085,0.04011421041443229
0.03913516599163995,0.04057861907796369,0.04241658087251264,0.033772176721050026,0.032063215913638796,0.033202159607162975,0.03235680674075772,0.03195562220252378,0.03355880361858939,0.02931237785173426,0.03124497073081588,0.030918239982206153,0.028925462417659836,0.03580861210712087,0.030186872136419456,0.03672198649329428,0.0322208588928752,0.033269509295668936,0.03477624430744426,0.03268019207918052,0.034652105799211894,0.038986428339344154,0.031982439308002444,0.0337798601480009,0.03077017230089591,0.03889050911386832,0.034980640503942215,0.03795497721096372,0.042898390235511855
0.035200248006266546,0.03992865614186495,0.040399439854520804,0.03368182123404246,0.03261890321394791,0.03159122938580407,0.032088049898899906,0.03495761130992263,0.033965561698774654,0.0284591082154385,0.029734890235502152,0.03114562949861809,0.028447426755024895,0.03712767673841503,0.03370131558378568,0.035389773322378526,0.03022599956165209,0.03512747616831514,0.040946531329625044,0.030427073851496622,0.031980180464234335,0.030594672693072023,0.03302518091372163,0.032796985117049086,0.031866703690992884,0.04799215264873722,0.036050965389022166,0.03966429268173253,0.040864444397142395
0.04185687289273203,0.03711020548341244,0.044465459459002,0.03504027823786106,0.03207721046877252,0.03238621896907351,0.033029364451558275,0.036196364760770476,0.03850464772200894,0.029553176174652147,0.03421667629783752,0.029451604834008892,0.026717737818053568,0.03781480276942551,0.03325971484990163,0.032472264606290366,0.030119982149572743,0.0344292856607338,0.0375127440297157,0.030522726254125082,0.03479511175485322,0.03287634499330981,0.03307567289782823,0.03457122211274884,0.030222385685013297,0.038754065806240065,0.0353938818369316,0.03644961995209475,0.03712435707147206
0.0355358908763492,0.038456199184767795,0.03889524158705524,0.03631970178548051,0.03255392240604353,0.03346725870439009,0.032521506861203496,0.030386405476666434,0.035151463259882484,0.027984802238651674,0.032545611662581006,0.02712354296325941,0.030312438380929667,0.03610647538087121,0.029948730039649447,0.03428320460727456,0.03008192137193357,0.03688809379977291,0.03514581773504419,0.03184223515865857,0.0319295750922807,0.033905948568881177,0.038802169309870724,0.03683323850450985,0.03506023371737587,0.03595313001745375,0.03949881574707187,0.04097526538002118,0.04149116018206998
0.040161322595087014,0.03860520613089218,0.0402618024561789,0.03288688810183932,0.033190211909426746,0.03176558027619836,0.03080301856622151,0.03762737429873688,0.034382828804409585,0.027580969297802793,0.03201863348078947,0.028012846017104354,0.029528575730842933,0.03778573909292711,0.030169013422833173,0.037834672392668196,0.03012603542838101,0.03584075256171137,0.04040397994175463,0.030325051282452397,0.0329726713298664,0.032600411954020324,0.03318524898406197,0.03261358064297123,0.0329154870098883,0.04590397099355438,0.03889223743786224,0.036751229350852996,0.034854660508664335
0.04123390273980085,0.03899950498867965,0.039539893661657714,0.03321260414728528,0.0329449665602207,0.0335859421416304,0.03154103438266553,0.03280080468995914,0.03442222380879103,0.02785770822789796,0.030094435761438436,0.03038776739053358,0.030529661384252515,0.034216999920486636,0.03183460745041516,0.033583166313607325,0.03370296965815878,0.03482167219941469,0.036881128402220346,0.032858100195223054,0.03475171477859762,0.0345657603881365,0.03737559112535092,0.03239516448996769,0.036824946894023096,0.03396660033135414,0.03438176040261276,0.038426305920852666,0.04226306164476583
0.04050527589099608,0.04232884591640475,0.04018279338429852,0.034061198467946315,0.03404581619561376,0.03376493463912036,0.03169704948881099,0.03018023996079116,0.03349129579373977,0.027711043559872216,0.030909682915145315,0.028284766715107924,0.029066169999834347,0.03380609660270263,0.03203072954946774,0.03754939151041544,0.032768253290464,0.03426591549400476,0.03694834986268631,0.030871372589860502,0.03177498927514557,0.03244243367274685,0.03933546246420987,0.033418181800544636,0.03670659833965478,0.03331333904305317,0.042067978708942196,0.03452979414093115,0.04194200072748884
0.040252959318904734,0.04002554583623154,0.04294527219676146,0.0331128666081259,0.03100424579946729,0.03146674336092353,0.03715328863171969,0.036018596485221044,0.0354675598010469,0.027151949096103207,0.03025768561389196,0.02877650929894663,0.02929130386991615,0.031770104198000644,0.029597130714405635,0.036918611851945206,0.03198278160624267,0.03763824505402612,0.04040741587158923,0.029770407857242092,0.033008794362401665,0.030875178860742224,0.03372291321146546,0.03288357253276537,0.0327731051668272,0.03625807154381498,0.0389055661031035,0.04321173351282778,0.037351841635340194
0.037501704725592194,0.04102628006393043,0.03841867321693941,0.03412966222139076,0.030013178778636917,0.030316378023599676,0.03291070529792135,0.03331385776473175,0.039386110895006834,0.028990884676199324,0.03098128171010081,0.028513848052547343,0.027469611665605676,0.03764914068775808,0.029951684048269422,0.03833012877156631,0.031021187882690388,0.0337947823458534,0.0342573171298863,0.03202976573410091,0.03291238910130562,0.032432625870716755,0.03982649512628969,0.03402478493696983,0.03908710207381784,0.03740846233178781,0.03649327287743474,0.03523120331503658,0.042577480674313925
0.038152795713204644,0.03729617747018052,0.036671377317170024,0.034517713968950856,0.03559280516529062,0.03935884457387381,0.035385483267435916,0.03515031673273965,0.033640408086001314,0.029331830514577228,0.029590432175349658,0.029543844051036154,0.02861873675413041,0.03671217369583971,0.031220297107857682,0.035208989796880114,0.0313946282566647,0.03538423628964084,0.04192110351726091,0.029320863168037437,0.03280754633138385,0.031172380237019154,0.036316405370305394,0.034454483315828635,0.03393620499695334,0.03783190388575401,0.037836345630160424,0.03496714176536494,0.036664530845108116
0.04428274396814224,0.04320460701113912,0.03397222245822448,0.039149637569800125,0.03356319482000064,0.030975518637694988,0.033000382426095196,0.03561934715256743,0.03362865662433007,0.028620382249542796,0.029576296800213363,0.02767802672325349,0.027309727288257025,0.04211848496844835,0.02961133698497078,0.03571524859040409,0.0322155703190419,0.03578188303989127,0.03627724341549787,0.03234683042747702,0.03188227568281103,0.03177272823407454,0.032361020160708506,0.04046177912282917,0.033884853122124345,0.035448249544469256,0.03273975476226658,0.037050858343512925,0.039751139552211386
0.035390606627638405,0.044326720709857756,0.04175635026219821,0.03861229563634616,0.03320919371938847,0.03205333281155841,0.03377050312979106,0.030863622815127955,0.03158569539241235,0.0297315813314055,0.03155978976785626,0.028020215140521297,0.026716997789939467,0.039061852954219094,0.030875595453677462,0.037003177915599074,0.029916456704014764,0.03559879195172307,0.03619878952450759,0.03179949986596732,0.03244693547395592,0.03268134393257044,0.03245665645124389,0.03795035654609344,0.03151213702239307,0.038368689238726425,0.03581068083643371,0.03948683224721877,0.04123529874761471
0.04198504501058077,0.04395875155326208,0.03669694029289394,0.0330811295517217,0.0355107285842173,0.03351498789231384,0.03419614671984763,0.03678252416020442,0.03494905403685676,0.030599405011101043,0.03173473429958566,0.02869335762412928,0.02793396461453581,0.03377042166945386,0.03088364658559394,0.035518183067465924,0.03339422208081202,0.036868313179198475,0.03730988269496881,0.03115780846872247,0.03669642422867734,0.03531878760028163,0.03571418124784402,0.03307394599067566,0.03030183386537406,0.03496980950397783,0.03575669571841745,0.03316721093783988,0.0364618638094464
0.03852643043775856,0.034390113704983925,0.042015592128169105,0.036406410015116304,0.03227705991130751,0.031584287379142845,0.03303521539377046,0.03426016328021384,0.03634606748757928,0.028445934334432033,0.031160948248848415,0.02941845936975841,0.027656396035612228,0.03826909248392466,0.031062553480508903,0.03950590758749794,0.029994869388274663,0.035743862590072714,0.03686742298644932,0.030467601832751157,0.034067585866764734,0.03296714587281572,0.033695915014591675,0.03611705917822479,0.03447683828100565,0.037940324370329584,0.03822122926223503,0.03647866680386625,0.038600847273994425
0.033450561019925426,0.036207344783640016,0.03703996512467891,0.03668644954581059,0.034403502537867926,0.03323115305402615,0.031584357159357125,0.03467300655210139,0.0379272628321259,0.028641217095900773,0.036218518137587793,0.02757119012817407,0.028766876648883177,0.03653390505124131,0.03064454809321902,0.03921674580589303,0.031181576755742242,0.03451840403283053,0.035631290425657026,0.030656259007059677,0.031044974979561695,0.032201233362930515,0.03671971175558735,0.03689274986494119,0.03219313572591557,0.03658675627134732,0.0384579388470081,0.04069879496284933,0.040420570438136835
0.041398594980452834,0.03988139147884408,0.040974351556278245,0.03538404335422877,0.03167143900786216,0.03080910929107178,0.032933608455144946,0.03240104859260576,0.038425800857803186,0.027687984320924407,0.032855828373448435,0.029114401767948654,0.02874362933498075,0.03745058848692355,0.030739344425348026,0.036652871607514736,0.031143104544493854,0.041561867376716216,0.03792468549236452,0.03230682127480431,0.033806696733911325,0.03301173874199432,0.03716073899468999,0.035468518867066284,0.030652463062749453,0.03588015201931645,0.03571401363650443,0.03433512458448017,0.033910038779528334
0.03929374720317554,0.0452831718713724,0.03753617095180418,0.03517735923743186,0.02794568665518271,0.029603925820943938,0.030948627903970433,0.032683950930657395,0.034016425673235394,0.028626365802254944,0.03162836544018882,0.028942703491798623,0.02931423528859648,0.03559798975071389,0.029963702687552062,0.03910832343104397,0.032005050617841646,0.03974392750910823,0.037189407788169954,0.029581285473630113,0.032444072866449715,0.03523706189592644,0.03550922173666558,0.034685709435114995,0.031934232703079476,0.03679366581807323,0.03938710443891895,0.0386436535072112,0.04117485406988782
0.033722752881732564,0.03757739379220674,0.03710869313131531,0.03521161465471786,0.03456363714816707,0.03329570977331829,0.036065634902646505,0.03302061727389756,0.034524824993086435,0.027263036543541175,0.03034150132107774,0.02884496688381837,0.03001527257946137,0.036110676709892174,0.030646802258815824,0.03875722148653742,0.030609494511033675,0.031032097968312446,0.035270120097386726,0.033637116576618976,0.03240458643628331,0.03270344197576487,0.0322496224572828,0.03580753415816951,0.034549384055093155,0.04426863957658177,0.03481439976770488,0.04027010452361145,0.04531310156192412
0.04374057495322883,0.04437557856006302,0.03504776077266538,0.04007894236090627,0.03222559769495063,0.030984119563785006,0.03273577538546277,0.0339311287509791,0.03057271596382507,0.026322800473383767,0.03020667048781663,0.029422291382395542,0.030221579361729818,0.03809818010854475,0.02833639105169819,0.03815219272579051,0.034233169588230625,0.035280710948949155,0.03320989050800206,0.03178789779108891,0.03306785485007887,0.030000143784881354,0.033795340978358804,0.03873494249488094,0.030939899840755163,0.035793892411071636,0.03979419760567646,0.04123005946823569,0.03767970013256502
0.0366423224584672,0.03910338595310964,0.04339723128377684,0.038512639798882524,0.03404167015621652,0.03282729424318416,0.033955611017308665,0.03675020723977583,0.031859607302322054,0.029428670631479283,0.03211372279420535,0.029889136468063987,0.029597076650549798,0.03836174586906201,0.029858694006248694,0.03563406428952639,0.03224129586472652,0.03830443836196441,0.037305286727276774,0.030192239245651183,0.031673709429820535,0.033232621984101415,0.03103242335973038,0.03750536622747991,0.029814641879779325,0.037956034635253835,0.033745090148333344,0.035731021738179644,0.03929275023552379
0.03959192423727831,0.03785404966177271,0.03676913781087098,0.034495857183330536,0.030832165268926532,0.030729348180043903,0.03251004428787278,0.03178579910753262,0.037658705918069815,0.028000191560521,0.031764559148619864,0.03120066787541908,0.028199303214459757,0.03237656588046599,0.030883152197026753,0.0398596552990242,0.029456848387870195,0.03456576572527405,0.03881954924393778,0.028788441293408722,0.03374539955757481,0.03359484089457974,0.03605885340535843,0.03469411681364434,0.0323219784654842,0.040246396640935135,0.04468954553683075,0.03820302808187792,0.04030410912198914
0.03780630668923697,0.03819179678244024,0.043138344226611794,0.03496582434392611,0.03397443483032102,0.03345320177478932,0.03282028166142415,0.035534921486786185,0.0359124294080578,0.0289985907229117,0.03294482882958947,0.03114161140704962,0.02949132314954616,0.035273225221381335,0.029874719607293838,0.03309374398691694,0.031748130669411054,0.036414247617706896,0.038634102410890325,0.029133431298538577,0.03481350861451003,0.030609726164199748,0.034001480303618214,0.03460547960243807,0.03251864731033356,0.03754489504667157,0.03781329344967689,0.03708453557918635,0.03846293780453619
0.043652627513516125,0.03954320427909404,0.040885428772824105,0.036978848138146926,0.0323773296618902,0.03159551371872979,0.03466179159187159,0.03364056673950379,0.034428693554520176,0.029779188684675977,0.02974144960242614,0.02819295664739784,0.027801038654172577,0.04011843408809686,0.02785090464613126,0.034600031581211624,0.02809315526348135,0.037511036476789425,0.03191082683819217,0.030636759730354825,0.032240930644965214,0.030940297287545236,0.03669561322377517,0.035941773981434944,0.03314896462939661,0.04028934436012967,0.03804035486028236,0.039705133904191635,0.03899780092525244
0.03543867092140439,0.03705767772492189,0.04276701897761579,0.037420147475122206,0.03648737646406452,0.032984425577213615,0.03362866030908322,0.034052265656803415,0.031102882404212568,0.028477997285559407,0.030506186345051846,0.02816340096789331,0.02926253984805179,0.03601721470485697,0.030206187998909083,0.035548654139611134,0.03273664806810356,0.036087685969435596,0.0332847985204818,0.0319247295315064,0.0328467005422451,0.033458484852758805,0.03572719306692664,0.036950879502959444,0.03476698612488052,0.03825830578506418,0.036157020194706194,0.03629347326497238,0.04238578777558424
0.03959968695125805,0.038297820410799294,0.03826206043784499,0.035872116043407495,0.03304573260872901,0.0312975791214692,0.034373777948189466,0.03536736694781899,0.032084307197871725,0.02813186479832394,0.0328349245777086,0.03207761314187403,0.028951674596264687,0.03565660078221762,0.03200396276767732,0.03894316613596396,0.03208293852703507,0.035661339818870055,0.03644753399651085,0.031752170224112204,0.03276938263880848,0.030996344570259227,0.03360387499866192,0.035018664442638944,0.03392295634269253,0.03493230386949108,0.038716831383285535,0.03902192769976044,0.0382734770204554
0.039393131396484926,0.03849802913494442,0.04227676856851184,0.03297354955511643,0.03401538489119525,0.03360662806810771,0.03593793223017281,0.034961970910849766,0.03191910311991835,0.028311052717202446,0.03625097160510064,0.02758592715126189,0.028301073967337175,0.03907168645612572,0.031425320176804473,0.037808080326397764,0.033014473507078236,0.03422268326051892,0.03559595834703545,0.030469663704146794,0.03163567635893993,0.034298519927791114,0.03975129252096543,0.0327681084908207,0.03369103418471167,0.03629762836373774,0.03461760113041852,0.035445171467977835,0.03585557846032607
0.038058906367582926,0.039155160520949646,0.03276133018342642,0.03313539538610708,0.030467865870271615,0.033688253943906746,0.03298086680920014,0.033752726542694074,0.031275096020018184,0.02817452714731002,0.03164749763674545,0.03144786910255999,0.03107987761297499,0.0404067309115672,0.030220352960350545,0.03406652661083415,0.03141011305430641,0.0350489884076431,0.036563025656157926,0.032929189157801145,0.03270311306654479,0.03171613156159096,0.0325824069075875,0.03341557688773761,0.031904818562675755,0.045743727579112034,0.03884300748147386,0.04224648990370615,0.042574428147163564
0.04073154843173129,0.03732118884927928,0.040279184974823454,0.03127100244562779,0.02967161614040813,0.029328253047223245,0.03308462767083388,0.03276022957350308,0.03549338298681114,0.030416509761603667,0.03205812495090264,0.03200516381309596,0.03179864770331574,0.03606358247627655,0.030425773167413295,0.03709358972488533,0.03628409270882174,0.032564467591755915,0.03376951466150191,0.030925569508431793,0.03221563499765638,0.03283214489764786,0.03531886963016532,0.03110731989421802,0.03281111819347722,0.03962381228355596,0.04047904844040567,0.04067254410746316,0.04159343736716463
0.03536438651536562,0.041621077547796495,0.04373359491775264,0.03825557998293009,0.03310968621884673,0.032804532850193094,0.03199243195901162,0.030949105244069908,0.03621853799121458,0.028144309012758894,0.030907041197949785,0.028817444617784856,0.030749876800157106,0.033479768807925206,0.027025587786294103,0.03487291715328753,0.03225780725374429,0.03402229067181577,0.03598684663686942,0.031230991444893542,0.03098722179588246,0.03299325053925843,0.03416698664281864,0.03827128764421518,0.030018210473460167,0.03570036258530251,0.040314953771062735,0.04410252269058691,0.041901389246751644
0.04090939129326838,0.04189234176917067,0.03689111163625515,0.034360973651640904,0.031280540575251356,0.03192209535775573,0.03183380190872112,0.03530849880245259,0.03443922018608138,0.028497874155369342,0.030563605856654248,0.02789675262920529,0.02979546772197781,0.03458321653783301,0.028484833335026084,0.03915365288800669,0.0321826234461118,0.03626828769804717,0.03614919069410199,0.032510877130009344,0.03152203224837676,0.033125978708260756,0.0337210921011522,0.035046673949111685,0.03635049214225758,0.03926950154965377,0.037453463566981295,0.04062541833387836,0.03796099012738753
0.03723840662355595,0.04573938909784583,0.03829490737115836,0.032163773009782695,0.033641325460630644,0.033683625363526336,0.03511297763206911,0.03686177166361113,0.0334727943888453,0.029218754777771673,0.03156884687947964,0.030233692713233517,0.029863502357974237,0.03602981623016319,0.0293905637765557,0.036016490157505424,0.0302872915877405,0.03726115803873248,0.038932458322309814,0.029654414307362355,0.03194086005153914,0.0315883707649328,0.03313734602745595,0.032125722566698885,0.03304652642417853,0.03788345492339529,0.035979081983505155,0.03726097506516798,0.04237170243327237
0.04066236663536983,0.04178438786478909,0.0361643334241971,0.0319369153525297,0.03475827069614067,0.03168771542489074,0.031639588158925716,0.036441426898647974,0.0329816817478686,0.02722008791332283,0.03313642746827561,0.02847079634783022,0.027005837703883873,0.03913780816734591,0.030314625666310345,0.0428270857249175,0.029724718694963976,0.0376131284404951,0.03424647380362381,0.030635449472580605,0.03178955718274386,0.033753739434655976,0.03230822711774282,0.030961162918282187,0.03241157824599768,0.03739404369100783,0.038768111800740745,0.03655000244937228,0.047674451552547445
0.041651156648656734,0.042378060418224686,0.047702222321569086,0.032895897246881314,0.030007320167555095,0.02879338370555686,0.033281807724785686,0.03349503631638866,0.03026591487274837,0.030779071223949888,0.031435782149237826,0.03192831567771781,0.030682118148262532,0.03509457874552687,0.03206157666073529,0.04244636428302216,0.03315989702910842,0.03575809342600329,0.03472671510954557,0.031173221889714636,0.03409008163883003,0.03346788798820968,0.032092049405636855,0.033975057330420395,0.03158078475665611,0.034379061383476586,0.035350552330104645,0.03802408054244026,0.037323910859034665
0.03865957569135118,0.041143235053661895,0.036694614123362675,0.03214627452363259,0.032020283801714,0.030519972290879806,0.03585659183729169,0.036737583691837994,0.03618325179586014,0.02877466753885487,0.03038238780681466,0.028300524044958458,0.028706014081837518,0.03663707506386318,0.030142353272489746,0.036292797670416474,0.035743376610502434,0.036552402090830376,0.038667831015547785,0.03178363243113198,0.033014897294244436,0.03230801018863365,0.03671306564115613,0.03298639149926064,0.03026258759073013,0.03944848794008561,0.03700774040735135,0.03799405209795553,0.03832032290374311
0.03904649541431355,0.03911792575334827,0.03643124349111352,0.0349076913040403,0.032133035233827316,0.031552907108335616,0.03165253549781782,0.03309333920472209,0.03633448684428866,0.028601756906437424,0.03284516017574759,0.029370768616290843,0.030054675187679337,0.042430070284913815,0.03086777333696199,0.039287766948242556,0.030452730921327324,0.03572301160334437,0.033092267287513466,0.02924746632139929,0.03486252444787364,0.030834602825288836,0.03746102605033774,0.03520004210474196,0.0363603937394729,0.03845021230056353,0.03659204780312765,0.03639666389882756,0.03759937938810108
0.04015766864391841,0.03598783593561789,0.03538933180184241,0.0337718212549624,0.03630897933475259,0.03344916631132849,0.03402031359122741,0.03745908819858132,0.03225285910091974,0.02891888988212904,0.031592706625165834,0.028091769341277793,0.028646422435383366,0.03988738814986552,0.03136057008284659,0.038842813197196804,0.032600079275897594,0.03823512745333159,0.03869032657784095,0.0305870554379458,0.03145830439237917,0.03176251079193418,0.03258001648650015,0.03379261136987423,0.031214505620488296,0.03752306577127543,0.03760402970376573,0.03468876570053685,0.0431259775312144
0.03678317030406441,0.038068642982068926,0.04296801456542868,0.033832146357404155,0.03048560863410079,0.02986444454316925,0.03316795287040497,0.032760461878826364,0.034397871787481674,0.02969027703090187,0.03232922179274125,0.03398773288211331,0.028953548233722214,0.03125180355288868,0.03239164672530297,0.033909011894283574,0.03152147334281179,0.03223192372065172,0.03707296499212464,0.0317212432404063,0.034477471464851576,0.032822707720824254,0.03703786625211008,0.0333663267737483,0.03303723701684524,0.04703268636592809,0.03654282508132572,0.03654574856784579,0.041747969425623484
0.039019762808159685,0.03573684875514503,0.041511397699408384,0.036546687929743416,0.03545245763640896,0.03408917127757709,0.034185328964448314,0.03078535538765028,0.032914262853276526,0.02880793549771103,0.03403283761946597,0.02755671878178794,0.02683113310159067,0.038346044082710626,0.02993824128595705,0.037222270362879964,0.030241329403953104,0.03557413861069731,0.037559020150014034,0.03068045479612964,0.0331987036051488,0.03295925012983444,0.0386007103174288,0.03671183437524738,0.0344149185655275,0.03736634638633095,0.037964140790059525,0.03806714661922723,0.03368555220648038
0.038934799333681026,0.04073897964229482,0.041900011857946416,0.0349884973145808,0.033639166596384246,0.033867408155701766,0.032730225598895726,0.03707854216096882,0.03600965987129142,0.02740673954342787,0.031829169812701834,0.03130080288227095,0.03244357936313485,0.03219305543153901,0.030295984747122157,0.037356474714065176,0.03148914793036259,0.03447436329866406,0.03601091403785018,0.02866953713104887,0.03217852414026841,0.03000360896753402,0.034109608048321756,0.03559044631681231,0.032272089623412645,0.03689337890340301,0.03810714445550096,0.03986516967317856,0.037622970447635816
0.04177806779680633,0.03865902914271248,0.037591259545080274,0.035117789439432376,0.03477425842327371,0.033502395309397005,0.03163535379108754,0.03428794973892517,0.03484068282637356,0.02853533744147386,0.03060696741406167,0.02938450856356408,0.028561866980868083,0.03394243161131101,0.031320318786715415,0.03648388923887566,0.030212441037475106,0.03659346211560229,0.03542038246546936,0.03340990919905245,0.03316534428706715,0.03260637043276534,0.03502369890990282,0.0343012766900346,0.03218704128093922,0.035176730831218396,0.038462889387955,0.04098959207923335,0.04142875523332673
0.03625685463316353,0.0409337299820836,0.04714331768571982,0.03657157180564058,0.033731343761401994,0.03422225502408025,0.03351300775474962,0.033679127197647464,0.03352718496918498,0.026563205189825256,0.03115522264653938,0.027655205312396496,0.02738978229001729,0.03652292733326683,0.02899042380484761,0.03703046801161515,0.029951733970004862,0.0380850634242534,0.036174749609852536,0.02888829376145362,0.03223258386744218,0.03381310182095603,0.03574137820872322,0.03652812438649074,0.034095640753835976,0.04225546452852268,0.03600642343047041,0.03578027086512453,0.03556154397068989
0.03354644082447732,0.039590285521448956,0.038757890449478125,0.03368537414188043,0.034422359800740834,0.03303462185576923,0.03570085768523023,0.035806775111318564,0.03573244957947949,0.029656871654771867,0.030713549581149448,0.030298678615292528,0.029381852121912338,0.034708146608561266,0.028855781198814434,0.039630405850503106,0.03132999201100629,0.03994128726897074,0.03735246427662049,0.030249183374107164,0.029518645399685094,0.03184331140513284,0.03431178819728504,0.03359403074589482,0.03132474766933804,0.03903962583169846,0.03682114076277339,0.03761941706143138,0.043532025395228074
0.03908811406243506,0.04164149377968808,0.04092497538822911,0.03228184598305704,0.032316294857879034,0.03240568220924642,0.03381510357110248,0.04014644484053708,0.032616124620664655,0.027217872114359155,0.031691205951791326,0.027646704799497396,0.029187692031555596,0.037496894760237806,0.032590547715950484,0.041781087038005545,0.032902120672399,0.03627707587440685,0.03527165853933681,0.031366444291091936,0.03189781535378805,0.03404198874812504,0.03664617515707239,0.033013571531932136,0.0346717687779448,0.03315828228088776,0.03789385879527712,0.03480194375357595,0.0352092124999258
0.036175533225726725,0.04154492728048067,0.04269445421065224,0.034300216223425266,0.03397862959854295,0.032988528244630375,0.03674766496437443,0.03696087613023084,0.03254443174685063,0.029810068512596065,0.030382440535249067,0.02830118271834738,0.03300603664564256,0.03688390739334445,0.03228773618318849,0.03199379833440868,0.03085185305024627,0.035324632925999855,0.03830056350680115,0.03052465054166344,0.033521871965245656,0.031165808124707338,0.03339471277126667,0.033687640804851995,0.03281067709359644,0.03894429789963883,0.03534626328023581,0.03909692736218188,0.03642966872587383
0.036946656353383886,0.04493151640671796,0.04129333329117009,0.03390103399895659,0.03360316868519815,0.033856435400394826,0.031287467458882216,0.03733619488256249,0.03527158375640281,0.029647599967635073,0.03308560413811846,0.028787893016514122,0.02865773769444201,0.03538626202274324,0.031833078474277986,0.03257628393092606,0.028992771310348647,0.03271005705800071,0.036878146515628686,0.029656505264505195,0.03481880577296485,0.03268267380741318,0.037542528579068424,0.03333755129428671,0.03013660674523245,0.03890573296014609,0.0404746436470506,0.03790116856646323,0.0375609590005652
0.039624893278853004,0.0344756145227448,0.03776434529533266,0.035322382692836815,0.032489558194472655,0.031243411422952738,0.030894619067049295,0.0353816632536918,0.035525914099297416,0.027895395414703657,0.0340499891100864,0.02949580211663667,0.029767264549620382,0.03469003991960669,0.031034904598337555,0.0347906611476821,0.0346248415801469,0.03750029462414518,0.03855235393546477,0.03180206215742235,0.031771425017304275,0.03235799168301943,0.03983211271881296,0.034800720957191056,0.03249002416871587,0.03974692614024574,0.034328739519867355,0.0370356670217588,0.040710381792000656
0.03713199617405368,0.034829343815011425,0.03976895232645562,0.034206758944838864,0.03108121712047963,0.03217042170292421,0.032960635343297455,0.03299269427707187,0.041537437761223775,0.026153019712186643,0.03139977196816266,0.028859442084728536,0.027189159343230507,0.03191323329803091,0.029324947052752078,0.044682535812207484,0.03025007178418152,0.038242648445631286,0.03661370220599129,0.029553174907515477,0.030557632957574105,0.033089325544114485,0.03892207066019983,0.033746123545569204,0.031321774331885814,0.040102767072773535,0.044479905971904425,0.03975317269427615,0.03716606314172756
0.03768135585537303,0.046359630651744345,0.0351333200999981,0.03376232847528571,0.034474594095943764,0.03145676777475959,0.03387406232483128,0.034099678911847585,0.034668984356258856,0.03092697547113731,0.03111595191508945,0.030179350518506492,0.030984566673338366,0.034485405944639606,0.030568052864319285,0.03825499056409235,0.03312747350796,0.03745988403240501,0.03596319192976244,0.03144248114245523,0.03382992710943202,0.03317778177302793,0.033252693469036816,0.03325925927162735,0.033928343996964656,0.03677722445755137,0.03539279479080924,0.03887661572127298,0.03548631230052984
0.0400636969985029,0.040025695405766615,0.036631030471412286,0.0351345944110122,0.03181763387732712,0.030491770292188126,0.0320508147116254,0.03415634273119492,0.03461621513827636,0.02791273397421659,0.03206709156140773,0.029178728414858857,0.03267394487888126,0.03715266785727943,0.03175999380647482,0.0366741883701638,0.03229303489007203,0.035698618318182045,0.035655081042346395,0.02859663218085771,0.029103127495560505,0.03528253939074492,0.03672765667365453,0.03456158374359659,0.03245560407926779,0.03903240139720977,0.03786874012099531,0.03609551074772028,0.04422232701920374
0.03922865619330896,0.03599930754560623,0.038415806027633156,0.03962308211863873,0.031189956278180497,0.03142649555179422,0.03223532426540685,0.033036115608609695,0.03515856807901414,0.02892317149901551,0.03252406119729896,0.02951930047274668,0.029103936490219674,0.03861837761673935,0.03109856736526192,0.03777938547691821,0.030425223054061423,0.03218416404496304,0.03315602847578444,0.03047369062062087,0.02991782408571214,0.033645400732014,0.03956348857959897,0.04020885639050671,0.030178624227947214,0.037277964257398856,0.037899345450713565,0.0407611785666437,0.040428099727642317
0.03701184986907638,0.040147276674117535,0.03985306964486503,0.039580593587267,0.032547268290176276,0.03513680875985339,0.033332330097248924,0.03435169597896335,0.03349997256187311,0.028914456062500378,0.03074601724915634,0.027375851450615458,0.029113327468672057,0.0330657573792194,0.030557040621283747,0.03464059021905969,0.032352581468314504,0.03494510837607771,0.03943760802651518,0.03142659147161128,0.03374689140752314,0.034650531586915646,0.03635158025631803,0.0407117686626386,0.03138378097111759,0.038363079339932195,0.03654659008626349,0.03482218027896422,0.0353878021538604
0.0390790663099678,0.03396665015758065,0.03520018827402443,0.03379755194510835,0.030619781265462144,0.031482384323346234,0.03192507265767755,0.03783053397254278,0.03265812496346395,0.0298917369310678,0.033349693141000405,0.03235632150787052,0.030990455454488215,0.03284833064023161,0.03140746081594144,0.03657308926388438,0.035003437012283554,0.038527095642060506,0.036725787301025895,0.03171699768834953,0.03232658081270569,0.02983240055927907,0.033053085801501035,0.03298958015030835,0.03810480820133924,0.03981728207201105,0.03864436414504165,0.0412226576272344,0.03805948136320176
0.03764090128597562,0.03856838207537116,0.0361487273928331,0.035408520588352504,0.03528976153463601,0.03568921187441506,0.03702671673002837,0.03457699071076722,0.03320584591991515,0.02699333156211455,0.030424025526739746,0.028744191695058617,0.028436605683240645,0.03538841436391101,0.028587167725389977,0.04164852439123391,0.032043886943054045,0.03664725268080345,0.04213768531256151,0.028762003230154636,0.02954530401912824,0.030742576546073975,0.031881868244458246,0.03578987414441856,0.03256271764777552,0.0438784057816632,0.03981398095625733,0.03308197498278405,0.03933515045088458
0.036365957418152864,0.03528979652986351,0.04287586595279547,0.033496430382912,0.030959774946670182,0.029023700691838523,0.035460427279007514,0.03513767318781148,0.038970934368498786,0.028695463002794463,0.03373950215099841,0.028093234560160985,0.02769504285297844,0.03351413974565382,0.03128805319998775,0.037003645366268316,0.02984228096281643,0.03425195768822486,0.03490621981765428,0.030558924518296626,0.031952088411382105,0.03394874295648766,0.04236393009629556,0.03394283707214597,0.031006182898432384,0.043663593649888796,0.03666682097178887,0.03996742633193332,0.039319352988260635
0.03775191804484732,0.04398406205116,0.033551237143055766,0.03398270216073752,0.03189376734172235,0.03133454395657399,0.03766789230937488,0.03418229637819348,0.0325848560365769,0.028955795878352127,0.03259718267740739,0.0295888638805826,0.029529491444735677,0.03465210159066993,0.031060878172649985,0.03374069870298406,0.033600165303575055,0.0348782829417277,0.03686594111004292,0.028642421500566156,0.031077707812279122,0.03025568280379066,0.04087934373732792,0.03418610390090033,0.03335349665059528,0.0409320519305854,0.03716934129567107,0.0406726709803374,0.04042850226297705
0.035719669457142264,0.03930448593503873,0.042100792213414125,0.03228636743254954,0.033707055314855,0.03178020447626081,0.03159857052786322,0.03546560879527109,0.038122292791458554,0.029384875585486626,0.03162898497471348,0.030529335132349435,0.02974143258308362,0.03252671925896864,0.03216182909470675,0.036069203781070244,0.030541441485958342,0.03530559255672576,0.035578019585746634,0.030771423686963156,0.033037523719434025,0.03761889916681664,0.03244892003918824,0.03124204096017615,0.03128532548956057,0.037854667474708295,0.03734569194212647,0.04488906151615141,0.03995396502221214
0.0396169041760984,0.04268222629446875,0.03850058499306881,0.0350805089995039,0.0347544939404963,0.03386898950760396,0.03266451167921597,0.03319983966199789,0.03563840407350352,0.028382446175026544,0.031657073305305476,0.027892019163068986,0.028171223756047303,0.034935285878036994,0.030641073111062955,0.03836834293604896,0.0322899620024353,0.03460889205901684,0.033717297361256046,0.02999340093066715,0.030184023945323508,0.030355767338051055,0.03608642482899224,0.03620865947322335,0.03185267717759571,0.03957026924923473,0.039021915255402564,0.04223402381236624,0.037822758915880536
0.040310570909929885,0.041286066110306885,0.0403072253372478,0.036059105621825724,0.029847064006002056,0.0317254071374976,0.03460515021845109,0.03695303745392225,0.03419941409311516,0.030483226383522494,0.031592884086379634,0.029959713102671853,0.028640652004488953,0.03401630114579362,0.029160313929903092,0.032881604514420196,0.031108561256658545,0.03587965640236636,0.03987009458364254,0.0299037487901486,0.03520038028453124,0.0324743551168236,0.03627227825917888,0.035172284651362816,0.029687507496032255,0.04072690118899478,0.036757435354736585,0.03631106744830519,0.038607993111740305
0.041299162974649604,0.042037351175426986,0.04095644092676722,0.030749849365988336,0.030585834595734718,0.02986463819416833,0.03343272939812401,0.03566351116484547,0.03355440021356633,0.031363190178867725,0.031737584371520286,0.03197926542345038,0.03277876370027238,0.035347204339993867,0.03086130215314235,0.03219157838143658,0.03277454930927502,0.03523266325748962,0.03797522282055445,0.030491579079199988,0.031065457386933264,0.03527016167261516,0.03516965517833419,0.031168498864616912,0.030562642821706933,0.03616058032157955,0.03731792561555332,0.03928001512612135,0.04312824198806566
0.03775221551520804,0.03865794573036551,0.03779286389006973,0.034789782437340835,0.033685653951747246,0.03572853518542005,0.032500251532385144,0.03451125467446879,0.034936771289299846,0.030013393115959564,0.03198592508262117,0.030134760729849275,0.03143334412509755,0.03662384937077312,0.03317302686065167,0.03575748178002334,0.034926428395113854,0.03363846189406223,0.03376129871625667,0.03144272723648564,0.031241840115966535,0.033883481959908826,0.03494214559112664,0.03578999021599945,0.0333680009808766,0.03519701283291975,0.037619158858607706,0.037814871389845836,0.03689752654154945
0.0362431346451029,0.03667963293867251,0.04363002198266275,0.03517351230592987,0.03086946370519873,0.031043261280201757,0.030587217718168004,0.03110625932201539,0.037006870795315776,0.02865732291768875,0.02987911072406879,0.03109997522133983,0.03330602901050424,0.03209744404965004,0.03049688307968208,0.04168068902969788,0.03618234074752645,0.03645377464598194,0.03703557939858139,0.029496909337953257,0.03045967447590353,0.035083860896462704,0.03215428957807885,0.035253358324912956,0.033251242401818794,0.038099893700188334,0.037071321052167885,0.04150411425503039,0.03839681245949426
0.03958803097054444,0.03855340857257437,0.03835707786318338,0.03134313764815461,0.034113231643043876,0.0324906371157908,0.034011447555207054,0.036283159552155865,0.0348340494504371,0.027743602639256716,0.031148018020797995,0.030217444148934854,0.028901195782901134,0.033548975060013406,0.030238742842168854,0.04094666040022885,0.030135653635941284,0.03866090231203291,0.04484509899168265,0.027954770444851118,0.03469629555015691,0.034450826780936535,0.03689761404820262,0.03201464989092147,0.03234610113117635,0.04072805958166731,0.03479487753447728,0.03586615161812634,0.034290179214433864
0.03667598211502885,0.040204233913414114,0.04323934221742724,0.035320908714371206,0.03435101940503764,0.031834377822232036,0.03131049766852904,0.03262056293583851,0.035253915512608744,0.029607184569285416,0.03151306285161548,0.028998077268319728,0.02885649695219738,0.033460820228735276,0.0299967398366123,0.03683282352900122,0.03207009360889159,0.03790874017277841,0.03356943484430054,0.03342113825441101,0.0329620243932711,0.03397681570446203,0.03374581730332492,0.03491925333244236,0.031568265721240656,0.03609267044900154,0.0436171926390667,0.03728703068184481,0.038785477354710156
0.03859868751526765,0.03908215739040742,0.04204313740785661,0.03731073565251092,0.03271217531567352,0.031313108039883464,0.030743515783585564,0.03452491478689744,0.0337362240592818,0.02782163828691902,0.02940676632846754,0.02886343127757355,0.030146114667975742,0.038579988537406316,0.03131576451787315,0.03400299380178934,0.03322660848020534,0.03388343767471066,0.03638350366687797,0.031603452778124694,0.033285520062690026,0.0343420536542957,0.036159321762749184,0.03728677613536994,0.031515029973347056,0.03689174677520205,0.034873329099681424,0.04015004217354711,0.04019782439382984
0.0370945858702861,0.03653564998080332,0.03783821289271405,0.038872701462082174,0.03331916545672117,0.03400992185379171,0.03236164451625498,0.03925099678965747,0.03596394178193561,0.03003177924719107,0.031345117649150385,0.030315583912726197,0.029486308620817286,0.03426905860809982,0.030895268901853002,0.037259192903487996,0.03418482457282052,0.03643631887076229,0.03478698526178341,0.02929982865895404,0.03102113659416349,0.02970703103754585,0.03392908216416908,0.03896267855704491,0.0307280117833807,0.04005260871227716,0.03513784900149342,0.03679604108606092,0.04010847325197191
0.03922853912960547,0.04482836569000792,0.040754324695438604,0.03190751648176044,0.03133555851476782,0.031323650736779216,0.03325360576739751,0.03341270122136393,0.03734163082274303,0.02904053701906286,0.032633445805543816,0.030322466049177772,0.029052802629640585,0.037526681296881956,0.03134921871293693,0.03677375616580343,0.03579331616978377,0.034467921163429914,0.036222519459255566,0.02935536078779426,0.03514377497201381,0.029426937400458576,0.036168116686087444,0.03318243612264716,0.03294550014842662,0.03595044052352454,0.03809491202452216,0.036928092434202545,0.036235871368942366
