wSMI_1,wSMI_2,wSMI_4,wSMI_8,p_e_1,p_e_2,p_e_4,p_e_8,k,se,msf,sef90,sef95,b,b_n,g,g_n,ft,ft_n,t,t_n,d,d_n,a_n,a,CNV,P1,P3a,P3b
0.037873759196505666,0.042665918050791764,0.04023484455627689,0.035602652234953736,0.03135328098325742,0.030992117651616424,0.03208442300978464,0.03881623613999696,0.038148308650465076,0.02945393794588854,0.03134261335589515,0.02754265829159941,0.029441374491308618,0.030488860346513026,0.032839793411937046,0.03320355452638993,0.029308666465526045,0.033992139302880406,0.03657377966739659,0.029572927382209714,0.036049780905897846,0.03293778305147806,0.032909256807612704,0.03573439683904913,0.03055591526776314,0.03652102426672196,0.04111569858421678,0.043129944119246866,0.039514354496820496
0.04020345583133181,0.034088787648533916,0.03904192814086725,0.03750669107849585,0.03227576944887448,0.032368813785079935,0.035706983945114366,0.03493302848295294,0.034758216663593376,0.03369573401749211,0.029867571733103403,0.027654981000718913,0.028836984891081892,0.035197702700465065,0.04356900296388558,0.035254990662130406,0.03030427128513185,0.03381432737961736,0.03297679537661548,0.027342381132704513,0.02952513856670731,0.028519856458935067,0.03626020411368126,0.03874354947581616,0.03560783849560853,0.03948987925830728,0.03775463776106752,0.039612183817825886,0.03508829388426051
0.04333470789740097,0.03379181042865448,0.04299859905396958,0.03332496934609769,0.03292908506038383,0.03191087437659584,0.0358495901338995,0.03676107514913939,0.03074704086369238,0.02982917155145205,0.030864027785346044,0.030221927855640644,0.031385293721744735,0.034627558690385016,0.03213405554461736,0.040680872437795265,0.0346855377960685,0.03526232028366831,0.0358900393714359,0.02784656498418555,0.035488843125798405,0.030985643710377632,0.03337319460927818,0.033851581997757486,0.033629780821016655,0.03642196526054304,0.035827126313349944,0.03900875383618407,0.036337987993521594
0.03941656136817417,0.03597974763364713,0.03821398080842167,0.03690795597857331,0.03712659471136564,0.03852392665550092,0.039819568509017446,0.03284232450384849,0.035687260860576206,0.027412978077778944,0.02879076030578883,0.028568771343338895,0.03018295990276772,0.034807909957490515,0.030756917309245603,0.03497978094197547,0.033281398609831606,0.03409728592657303,0.03845533412298398,0.03124150521338028,0.02949437839236834,0.031740387047878564,0.0334335828465466,0.037093925293849264,0.03249823735266785,0.038094295590251806,0.0388958796592053,0.03637239133816732,0.03528339973878508
0.03996315368028164,0.04295218756226793,0.03698279544612032,0.0386093896463496,0.03436900096738847,0.032978424315051935,0.03226440245309748,0.03432732392226393,0.03505544222334135,0.02569592360670144,0.03077163379772969,0.026447514243902116,0.027178447962637808,0.0328485283955699,0.028825369748754152,0.042177442159825454,0.029494442628849583,0.035223216727370096,0.03602288613930062,0.03163456429030881,0.03271638132775455,0.029017412665979948,0.03455958173495189,0.040663829588675274,0.034589425112179405,0.04377042264145607,0.037810527879961385,0.03764294390186398,0.035407385230065286
0.045952807860332366,0.04475499968290629,0.03459666259272802,0.03356332286556498,0.03490701242148416,0.034827912974032406,0.031435787410547776,0.03356871420221184,0.03160036975054974,0.029577187382932257,0.02914216440968174,0.028826792177417467,0.02984050964488204,0.03405946207837476,0.030983404976142204,0.0380519619907848,0.03053981434094231,0.03628547487235713,0.03751996774203622,0.0316154831454714,0.03177891451751411,0.030673502384375707,0.03687221746250126,0.034936512793819895,0.03687940274512462,0.035942764440927734,0.03537165411613221,0.03408398456643959,0.04181123445178496
0.03330946781810188,0.036320671392130466,0.03576983017591615,0.03515313267084035,0.03782235503563224,0.03518676299376268,0.03173197151683167,0.03734619228087703,0.031202339534915968,0.028034813470159726,0.03007997302097678,0.031925360401749106,0.032344835405487805,0.032937777780248215,0.03257694991175149,0.03776972575797562,0.03521523822899111,0.03405937299638852,0.037947128914052386,0.03012808170568501,0.03175245118812881,0.02925754823475154,0.03497768765525403,0.03414495483841206,0.034722089508546404,0.039798085124768685,0.041827668311512814,0.03931782675244501,0.03733970737370648
0.03471558168675233,0.04112800113759577,0.036832329818639896,0.03141234345021469,0.03165827042119225,0.03301336163152051,0.035837813876735215,0.03506482597025845,0.038919681006673756,0.030916060491482367,0.03202499939003187,0.03250033470862849,0.03436120952017968,0.031846122313934765,0.031929934753388414,0.03804523684085715,0.032133277148412374,0.038848050904528586,0.031872892123561494,0.033674680908216965,0.03485572908817545,0.03358242409515606,0.03628868512402213,0.03090327036463154,0.03201430813834436,0.03923580968281426,0.03355571816640168,0.03644146597044296,0.03638758126720663
0.03905353283901793,0.042260216427041315,0.03860039504829409,0.034891512527686706,0.0349728282025726,0.03169513510396719,0.03341851136450696,0.03573848259981001,0.033683821326664316,0.03015170800271415,0.033468836280701644,0.027292206799123354,0.02889614609008102,0.03457834148806629,0.031380336128882594,0.03981300940642436,0.03174204875023726,0.03223507580465375,0.03270015070162039,0.02601465012006281,0.032055709835319315,0.031162846184152226,0.03724632548700392,0.03444367869932093,0.028696084776511505,0.040154862862717855,0.04280108293861844,0.03744621434227539,0.043406249861951664
0.043267352806413625,0.03599146596728222,0.04658715445906983,0.03360122347027595,0.03603914413476978,0.03183703372293486,0.02957488603421394,0.03479703385595586,0.03367289400000848,0.028058259523143753,0.02988533000124487,0.028853747046082623,0.027567986623177727,0.04176250474450648,0.028699075246525634,0.032823221376836534,0.02930437806423038,0.03749215576504931,0.038635510910599545,0.029481113626588097,0.03285915669531367,0.03136812051615512,0.035316025362853186,0.0340344770175242,0.03508607134829085,0.039747248738807445,0.034391520205108016,0.038335687725353694,0.04093022101168437
0.043844079135835844,0.035584388067900485,0.03856062308509006,0.03307929381420118,0.032986951449889126,0.030942459456971723,0.03148244051171374,0.03450347727488091,0.0347510029104422,0.028306538226405904,0.03243617183749625,0.026907796222146656,0.02950004654734002,0.03283263759769353,0.03180053818981442,0.03640018876810104,0.03165546151748045,0.03634540820370937,0.03808966803870255,0.03142670265393527,0.03642463411588803,0.032821430239036144,0.041310776349385944,0.031492948534925,0.030006712808050184,0.04056599953989036,0.040980175587801114,0.03950528293736992,0.035456166377902595
0.03343539438022369,0.039940490011218334,0.036494698067201764,0.031437227506121795,0.0365269656819819,0.03457004563099984,0.03617965660875129,0.033768153322333336,0.033218120783580385,0.028653877491499134,0.03554983860012989,0.029724136841643302,0.030940426157735894,0.04030288386846296,0.0313915775576666,0.0426669310501138,0.02921645158882184,0.03938561212119609,0.04155421511076339,0.029173282161061787,0.030369193664074312,0.031117685903230642,0.03892027984352251,0.030663954221535193,0.035327410891559316,0.033603567611375465,0.034154327443431845,0.03599595853035288,0.03571763734941089
0.036632367287359774,0.035365582699622464,0.03864741567458935,0.03454172939299044,0.0333285183352152,0.03020173386255831,0.032240212642396446,0.037976300758082074,0.035710775821155324,0.030501630205175007,0.03321811990400186,0.030481424297630656,0.028850499842409942,0.04008850266006045,0.030131668496767794,0.040612325000389846,0.028706556704224485,0.03282879027226203,0.03635941599265543,0.030392626955633984,0.03415060794978943,0.03392530409543446,0.034920733982916057,0.03495254979743138,0.033945308799085,0.03714992534276361,0.03822159106717652,0.04142550461764749,0.03449227754257529
0.03572410015261972,0.039003610324347425,0.03509333295952034,0.03272618134496703,0.0328318933947878,0.03237511595707424,0.032418148587889786,0.035515947953859615,0.035215745773114995,0.02866395196217597,0.03269804761504121,0.027920421736296767,0.031032929115611056,0.037407654951725974,0.03405537008825119,0.0396874827434309,0.029398147647504334,0.036281389634633184,0.04093483067848881,0.029243682953588784,0.031913966983471764,0.031228800465809524,0.03857893233458668,0.033333844481346485,0.03479491965008891,0.03628102150836198,0.037629626774123064,0.04058224175990088,0.03742866046738162
0.03346828021509529,0.03994723279823393,0.03838316000195842,0.041255977306250476,0.031635530168056335,0.03094469644280825,0.032676630473545694,0.03541563728762619,0.03265121212749878,0.029393849111227256,0.03450961091791334,0.03214312501206053,0.029780373946606226,0.03394012872531093,0.03447952806841498,0.03272921752629825,0.0307654747027729,0.032764952841738554,0.03339658524959678,0.031840654959070666,0.0348398771829289,0.03247563215199042,0.03755042399877162,0.040155389787268556,0.03370678098939469,0.03569792300422576,0.0387474145331067,0.035373469738618504,0.03933123073161106
0.033870932935748825,0.03853601326512118,0.03321709187849927,0.03428328724577359,0.03264915632084507,0.03459454233550552,0.03355610629678836,0.03844298662343905,0.03458385152588863,0.03226285715094729,0.03441962149820922,0.02844912923388379,0.03205760861043892,0.040658855142150674,0.03329111698977057,0.0410347495094931,0.03032260262774313,0.03750633519966959,0.032806784467157055,0.029912531038923378,0.031316472458026025,0.03037683831870343,0.03484600512405876,0.03437931881115214,0.03420195622337988,0.03964991753603706,0.03751213808957353,0.03641793733099213,0.03484325621208085
0.04276316483836884,0.0411638059952404,0.034633651742028905,0.033755261689300445,0.03349894468357704,0.033302191216689536,0.031956023679741236,0.03511364059318506,0.03445598035996994,0.031785878380379703,0.02921556358685265,0.03278770635871968,0.032435464346157496,0.03320460580296125,0.031092863287734935,0.03691915662158836,0.030636481859708777,0.03385176851572748,0.03628877769248749,0.02929282028575918,0.0340683672884398,0.02916072702443028,0.03162414922108404,0.0336025525016593,0.02999152217315324,0.04317909082852592,0.04415592061355038,0.03603951949430808,0.040024399318670564
0.038188071763163016,0.04007879750346742,0.035751115011584664,0.03445196702748847,0.028640534981626425,0.0315094726303473,0.03171295497201364,0.033912070368938486,0.03296832071384637,0.029331994198268773,0.03315862197015988,0.03179322213887,0.03174893985594387,0.03917864844962976,0.031215208048771075,0.035087703549471924,0.02934296256453826,0.036125384799563884,0.04256465659044576,0.029889456420246104,0.02942156305426486,0.03244977403762829,0.03556025598330249,0.035093608267161076,0.03390001532395982,0.03461787639901525,0.04991210793643326,0.03606925206134906,0.036325443378500785
0.03689126893391892,0.03624973376829248,0.032340421385209844,0.03433669577206027,0.034131813701449173,0.03354976496449964,0.03400682770863542,0.03895188543068284,0.037280542599317804,0.028260643426482063,0.028352134255994994,0.027508190061636312,0.029850628548663743,0.03551131516031794,0.03085622258962158,0.04106653603235869,0.029057443663276904,0.03551306469812611,0.041643100101787824,0.028675716122151862,0.03333434142421101,0.03173932699094803,0.030848762908999416,0.0340479021998404,0.03416817705918648,0.040409962573177395,0.03933678516590109,0.043407952486444724,0.03867284026680707
0.03963919034651344,0.03803087403704302,0.03846539184666693,0.030441946338139615,0.03402004436148971,0.035334832110982636,0.031669980759082006,0.040516013102633565,0.033331248394075655,0.028628619206193917,0.031591636778606505,0.027856622576716738,0.02897373404717212,0.040869979785012604,0.03610076537338093,0.03293042602067894,0.030773451458388123,0.04033642426122934,0.037968033001406505,0.031832295514650895,0.03252859497317873,0.02889908853527324,0.03108133546867271,0.03121140696248494,0.03580026932407741,0.03733739748297911,0.03593185372637801,0.0412386506803936,0.036659893526499066
0.03543872227832043,0.03471865355170189,0.03607404855342464,0.03601462513027505,0.03514177175718862,0.037344987608389696,0.0314572420078983,0.032770478462134066,0.03553289207085707,0.029519455511403846,0.028048031277516122,0.033015378424272976,0.031237857067975612,0.04020492523323219,0.030216088480396853,0.03842258248521028,0.0333296176946096,0.03507077263919113,0.03498578714599408,0.02854013616579505,0.03258361217888749,0.031146234275414103,0.034280072906973436,0.03626258547714839,0.034159739887871354,0.03750363211355216,0.039545872530975676,0.04333783321739474,0.03409636386599514
0.03657469479565047,0.03966821606361436,0.04236876878977223,0.032729820198715974,0.0328787565056795,0.031157804464062078,0.03145019721392682,0.03557808976358513,0.03766382238413701,0.03177129850860821,0.03365263598504951,0.032463126405233536,0.029964946036433914,0.03498111251433905,0.034645829758440924,0.03759586190109307,0.03248993458905749,0.033700230800519794,0.03315651176996875,0.034245792143591886,0.03072269877850335,0.03360916045892866,0.03346827260256392,0.032853991051067157,0.03423534934966812,0.04119319443878979,0.03559331571366847,0.033647048196341664,0.03593951881898914
0.036784455641772434,0.038875415902967274,0.03479650231277517,0.032784329010860626,0.03713300317482922,0.03417886301832449,0.03168558572475562,0.032663083031958626,0.03345713973471337,0.02680899752610067,0.03298907066539358,0.02927919766998551,0.029891517973728122,0.03676895658629421,0.029953958068594678,0.038396477242802235,0.03074086939298326,0.03620828906701482,0.03299935471087406,0.031801762057457106,0.03553240122875827,0.0325518274343526,0.034490669322827426,0.03273466261948841,0.031804418882664505,0.03741850576333853,0.04485961167884807,0.040176437911714026,0.042234636643823084
0.0439827873631717,0.04027091805229659,0.03501769021287655,0.040918133978762684,0.030401336284088108,0.030437521950870856,0.0320305133098931,0.033139805544762896,0.03796532132742687,0.028595665421160404,0.03240991502289363,0.02868976925674733,0.028993294692884197,0.03577456823029994,0.030722682429239007,0.036358202896645014,0.02839474958885151,0.03338649737131175,0.04139955844751102,0.030966586499629932,0.029907555650387434,0.033881224722932576,0.033695778051346006,0.04111371073803274,0.03314710593374655,0.03546379791795184,0.03596338301524464,0.039455157905754545,0.03751676818328065
0.035982280181356865,0.036166959046704764,0.034506599615276204,0.030783235574058588,0.03625603639243215,0.033965162117332706,0.03284997643676982,0.03833140743015824,0.037592665531792885,0.031040030642578813,0.035829712547751226,0.029736826508829035,0.029806117391079086,0.03427738167240317,0.03141958924446372,0.03233661282496473,0.02910987511759693,0.035327239876449895,0.038176688025900615,0.03149437636936586,0.032673173695408314,0.0338452354264211,0.03667504095886445,0.031495229555342896,0.031985309005952325,0.042295359692406935,0.04191892063789791,0.03691139600185702,0.0372115624785838
0.038827353330399036,0.04632756744962805,0.03950832055155742,0.03131653976564035,0.03396392866596784,0.0328152133474347,0.03210242676730758,0.03607710518336306,0.03254292199204374,0.02911218899107233,0.030976695688556866,0.026345629162770556,0.028420344316516487,0.03481535495054366,0.031050350752922513,0.03797317682888045,0.03232130034572096,0.038519748070143287,0.040128912789053575,0.029034180811623067,0.026921970587500964,0.0325433269867499,0.03599288570167149,0.031165356535889838,0.032949402102056095,0.035555379414282426,0.042579634942131774,0.03862249484219282,0.041490289126379136
0.03628438367160934,0.04019266416029067,0.033221083316523174,0.03597202817968166,0.03325141110261629,0.030342368134682253,0.036240162362935605,0.03363073495035448,0.0324498229491647,0.030602701813818245,0.03238287376771609,0.03141029001217985,0.03145258172731948,0.03510426441447555,0.03260842536362218,0.03643486810896453,0.0343576059793266,0.036032641362726395,0.03751827335548048,0.030679513204865377,0.03192003559934953,0.03024311310216392,0.039262023778236135,0.03742743641180994,0.03447872120947431,0.033237159469340215,0.03623431021617248,0.03689908177807406,0.040129420497026495
0.04138120727690094,0.039469492641192885,0.0434960783327016,0.03384889126143324,0.033611983111836066,0.033563592272180656,0.03349421057376064,0.03406989931057223,0.03778139991307868,0.028735210343404493,0.030124294695306857,0.02745214225486613,0.028056035270320162,0.03737258467288737,0.030189015873897433,0.03536460113925644,0.02917750533013594,0.03741444554843841,0.0418729361417529,0.0286587481551836,0.02925626068243813,0.031062530652429737,0.03451929200188125,0.035520995962345446,0.030545035316702152,0.03695237899558912,0.039179072827915676,0.040877591416396485,0.036952568025195316
0.03499219829378857,0.03708305871830027,0.03785891382862126,0.030225004729990283,0.03539300296542488,0.03284300330814122,0.03295537673661626,0.03805179444711461,0.038973587024318135,0.027828641121515497,0.032492213492847,0.03364632191880383,0.02970995825963122,0.03191559575264354,0.029989365279649606,0.03510540283407292,0.03208515969752959,0.03771173855138713,0.03973299285604336,0.02889126005672238,0.03371884148512967,0.03391844297393909,0.03523575930064976,0.02999753795005347,0.03158108500779807,0.03890387101648547,0.04133979674236713,0.037392005147958506,0.04042807050245729
0.04130789418615008,0.040451774967031354,0.04132741182697551,0.03362225148611814,0.0329858311477828,0.03347588042903147,0.0334747773901589,0.038611940290323624,0.03125399244864928,0.029241898306629405,0.03112438864334441,0.029998202445200316,0.03002511286835723,0.03261616984533291,0.03119349724145144,0.037556776642733894,0.03014245096478153,0.03591780394276925,0.036866412523721,0.02835412210855969,0.02872671876951365,0.029657439818175518,0.03505702020163379,0.03278150031304355,0.03439823841528055,0.046521595711705964,0.0386784271139885,0.03592980983771073,0.03870066011384553
0.03728247095720369,0.03590854584050459,0.03769290863078424,0.03488607026127033,0.0339415820357347,0.03435930125980924,0.032353301928160653,0.03314346433457967,0.03525894990810745,0.02693874873364781,0.03133126240716426,0.026838561600390144,0.026965845246566728,0.035055377631210284,0.03338447007350082,0.03503405557420351,0.0287993174624654,0.03707744842386454,0.03417415493101918,0.03022667899594204,0.032812797803847805,0.03223501062150738,0.04069563200470046,0.034922504238848774,0.03388687610239594,0.04338199009618758,0.041665672122029235,0.03953642447525717,0.04021057629909642
0.03898372691260105,0.04214205474683072,0.03692107337227478,0.03746223067650558,0.03040325816887432,0.03177711093563079,0.03183223423081394,0.036624781171329966,0.03427321534243973,0.027525749569367746,0.032040777785024115,0.02793217219105401,0.027937639441474225,0.042946865208802226,0.0293865978585649,0.03624867767201062,0.028047264290193802,0.03360231501299335,0.037226304489022206,0.030103850005586814,0.039326958611125354,0.03100599118055485,0.03387474167711164,0.035413597866539234,0.033497795133990954,0.03934981740878647,0.03771647669243098,0.038942950448399086,0.03745377189966654
0.038392782379921636,0.03723638050390261,0.03839491508175521,0.030746320450451486,0.030917963028734778,0.031510634545207465,0.03088233479889335,0.03864479506572516,0.03515831704924795,0.029387530166150977,0.03041493803065156,0.026605519966157697,0.030731343704592184,0.03645184556292362,0.03345373310747511,0.03957943776865311,0.028573791092808793,0.03900099161766336,0.038527827655019796,0.032353407522513436,0.030753548409755298,0.03524041332461985,0.03549164150713342,0.031550234077956214,0.03373914858294075,0.03991054839825196,0.04029437551909912,0.03902915421124653,0.037026126870547536
0.038078516485182796,0.03870137724707186,0.04068746930492088,0.034973940261651924,0.03159067038512965,0.029160070567701157,0.02971423973893389,0.036119004416773834,0.040768705581680977,0.030538489274790682,0.03244253214414975,0.028415695630670635,0.028954230038077677,0.03610767757716003,0.03438834475886736,0.03826992567709551,0.026943331960437366,0.034069787180461095,0.035360343270416386,0.030295977604572838,0.035531819559654745,0.030223402418847363,0.0342863663658953,0.036288568142826313,0.031936549775298084,0.04154317163020223,0.04180128950064539,0.037562554861707044,0.03524594863917725
0.03618445233394,0.04119650019268435,0.03613768497896801,0.0344247566086709,0.03680635141814983,0.03643916204147719,0.03616686693543911,0.03547846946564232,0.036710462550309575,0.029603118453820222,0.029370888220800584,0.029078371087653775,0.02895669427340991,0.03912520886029058,0.030390783193313693,0.04092888801307637,0.02903626669927333,0.040401879793504625,0.033679658590291324,0.02829850567951516,0.030253879464472073,0.029797716838851025,0.03146543306255543,0.03615545153160226,0.033056312208420986,0.036163176018596636,0.03880507888909729,0.03986411922968376,0.036023863366489696
0.03870039715153252,0.036614759788819985,0.036168303920644226,0.036997684488177085,0.033362656845260664,0.03356330976933843,0.03433603194596861,0.033100522241793,0.036923555897149754,0.02931009190948867,0.028588953163021024,0.02626496613103278,0.02995708829214927,0.03815655638968344,0.030609879515644305,0.0334172584612235,0.027780968448704264,0.03928230627485001,0.036846573475748504,0.030973852695732395,0.03086652387512643,0.029921237165718005,0.035061703221249955,0.037472284658651045,0.0325683330080742,0.04391811641645295,0.03668557123103455,0.04063005234505592,0.04192046127267458
0.03688039295719595,0.03846854615126456,0.03787783487346373,0.03296891891636342,0.03532666174195691,0.03434415277061206,0.03710820055955435,0.035218321077039004,0.03412055243283898,0.030023916165619197,0.029048247222597856,0.0293818222393471,0.031403189326964884,0.035834539242749576,0.03037773035811317,0.03559176909685707,0.03240031050126001,0.03011142595264187,0.0346008980609603,0.034417213352069084,0.03176157905561858,0.030572217833530185,0.037124232702858084,0.03287564950319817,0.03647056051578934,0.042639698015896586,0.03575295429082344,0.03639997827050752,0.040898486812309044
0.03955954479314773,0.045298936763215385,0.03547399108169412,0.035282993493270284,0.03407949959543875,0.03381561844455087,0.031234478037439155,0.034448803550431825,0.04237565107195172,0.030184829605796343,0.029456763937848962,0.031048935380864156,0.030782659176085348,0.03039857437122214,0.035121400420724966,0.04028260795711398,0.028115226788824072,0.03602195408214699,0.0331155253390449,0.0322413830179657,0.033409601405978255,0.03480657993297168,0.032068955310757576,0.033650776408575694,0.03246821436200449,0.034982336224512314,0.03925062505161545,0.035340907866648966,0.0356826265281582
0.04332462642362049,0.03775419125714506,0.03664915638477462,0.03246789167194631,0.03381459195031476,0.03263691562355301,0.03971991006181096,0.03624012784468935,0.03792236214239921,0.02828690908520511,0.03176306662643239,0.0286260631575256,0.02987883062887369,0.03164993343355545,0.0327477253833839,0.03999587857675818,0.030849830230007157,0.03587841385773749,0.03573173394002543,0.030225199433756622,0.030717597049353458,0.03462296731148201,0.03727289907907548,0.032226719277023495,0.031224097928338433,0.0362435273858258,0.0366732941875227,0.03648940668140414,0.03836613338645959
0.036055029484494384,0.04708461797318626,0.035667437283707346,0.03342749866347701,0.032684298936453964,0.03552121524272163,0.03492783205487595,0.03507591194248717,0.03598056662981073,0.02935924584679408,0.030823660498350013,0.030825984250345724,0.03114847312246547,0.034618675255550325,0.03155838313766358,0.03881090740377515,0.03023961159421922,0.035378297353327884,0.034183656144847495,0.03126707263103556,0.03012093409284906,0.02976657626614343,0.03282818372154086,0.033753093054477094,0.03166607520038323,0.03874828970958669,0.04363974115427814,0.03664679777049613,0.03819193358065644
0.03522251179769438,0.03772790148945262,0.04082831810785027,0.030089658708315974,0.03457649587682964,0.030450359219794172,0.02958484505687644,0.036541745220131074,0.03647014723350521,0.030140533104441508,0.03348547102223393,0.031455355518125026,0.03196702529441148,0.04344524938747511,0.029220210007755747,0.039903134752162325,0.03151386647329268,0.034740052510236236,0.03782470260608134,0.028337124065319953,0.032892543911841536,0.029619553763023,0.03255665772326806,0.0304823832065171,0.03967300223926026,0.035703942440208955,0.03623854060282705,0.04107999264741737,0.03822867601365153
0.047357658895827597,0.03808497949404432,0.03483923968391771,0.033296165847741706,0.02999388873240654,0.029610203006659907,0.0337380239774356,0.03418232095034111,0.036764217616664305,0.029366710832200264,0.03074067227403866,0.02892911573941373,0.030782497005513804,0.0320125498368398,0.03282508007581325,0.03975387220754637,0.029359317559606257,0.04259075525521894,0.03926039729884361,0.027634883780826097,0.03231015079883568,0.031133835442276048,0.03587247217090082,0.03269560766744852,0.03874988700771903,0.03730674369896571,0.035314310797451134,0.03642719812568546,0.03906724421981813
0.0338740491689201,0.03367178895718643,0.03581397770002322,0.031309615766511416,0.032655674462766855,0.03183646457739979,0.03781989210284982,0.037809346149059606,0.03695940571957625,0.028233367615351945,0.03079188668506045,0.03292396437413996,0.033766051837405706,0.03390090866817524,0.03158243006090023,0.043773045482173825,0.03644418733226803,0.03229660511642729,0.03648654815387675,0.030317107349182533,0.029158929701986712,0.0289320189291909,0.035471524148855606,0.03220820315767521,0.03588506297604842,0.03942261241278869,0.03865724364954867,0.038308328465212475,0.03968975927943795
0.03495945822437122,0.03751468793973277,0.034761317354877024,0.03452933747302166,0.037306310111872285,0.03454911065250381,0.034662760864943076,0.03630408018333001,0.03943483763307969,0.029842126330133674,0.030437802127845977,0.029941815675905963,0.03269447413631491,0.03896798144470902,0.030910193403197804,0.03867009963029267,0.029252805815509993,0.0360184238775036,0.03738297306580648,0.03303754069799025,0.031113451857164926,0.03088427239127355,0.03249124999403167,0.03397521582351639,0.03169526406572826,0.03536579005507654,0.035502240422600126,0.036285647643586445,0.04150873110408026
0.03549417332163587,0.03871559145027673,0.03632787228077211,0.031967151833055096,0.029750530155192363,0.029487073662589847,0.03161644709489862,0.04504731363125189,0.03598189849064744,0.030263626552243537,0.03446803705051915,0.030620071029135592,0.031387519955167496,0.03850493516482183,0.03104513377129218,0.03786370885407986,0.02942274887741283,0.03293837090153001,0.03657943460680105,0.031127997206039787,0.0324636761943495,0.03679014219264104,0.03921061900573704,0.03160740966211577,0.032239827625224635,0.03794174993587838,0.03748205691875569,0.0387521977741494,0.03490268480178521
0.04290047859347414,0.037869943660843695,0.040215000635032146,0.03417717798251689,0.03634747570511887,0.03691962805275302,0.031154022376218594,0.03112690015251036,0.038472915343195635,0.028636452201824807,0.03153999687523419,0.02906023308946974,0.028310290062082754,0.03397634062070225,0.03193363660476315,0.039631611218288905,0.02784376174083205,0.03863823432436223,0.04495586720413767,0.029388409270449882,0.03164887567503645,0.0286390294488331,0.03390506838670655,0.03456807927395612,0.030593583838848377,0.039040089004169706,0.035905468015733556,0.036837534888756615,0.03576389575414861
0.0421298627101556,0.038514593219751224,0.03906154411156231,0.03240287265992036,0.03476322934192219,0.031236158673584542,0.03391829566813787,0.032923562177405885,0.03528201782406325,0.02549850170291466,0.03128325351300144,0.027380697745785422,0.027277871316753428,0.038785735313458594,0.029758966608511406,0.04353150329500062,0.02928242567277576,0.035096127790713444,0.037379380448066025,0.02611633683870849,0.03095658489750614,0.03126458545895459,0.03685344902865627,0.031456243282710704,0.035302293623608746,0.035807015000162444,0.037963231414468876,0.04259787035372392,0.04617579030801585
0.04027357589393611,0.036161790259434334,0.038120654504546866,0.03303772376067685,0.030363123312929362,0.030594016988173718,0.03217857495744947,0.0322616820622248,0.03781118018609793,0.027585795058582448,0.027991398913002292,0.03174167575724503,0.03175434604605135,0.036161689734600995,0.029908323901305288,0.039865888196961956,0.02812472919649388,0.035627888028749444,0.04001708049279231,0.03347866860947269,0.03180730809515656,0.030727284460854397,0.03351694172476612,0.03383531065855313,0.03559114407819608,0.0478995112807918,0.04013751178404716,0.03591044970384962,0.037514732353058064
0.034455528156168244,0.036623238688760995,0.03704844525647207,0.03211360884251223,0.036190514057804046,0.033870097712845354,0.03505603823727581,0.033539183358935555,0.03056996285548979,0.028040231027826296,0.03392048858704998,0.029154949677575853,0.030044112861059957,0.03513403694849784,0.03291730766147693,0.036481816810682764,0.03278505052962587,0.0362375239545044,0.03609032570119937,0.03212591095212242,0.0340067867104574,0.03368141572356743,0.03782892598738021,0.03319020202598477,0.03036139590193272,0.03710315824758942,0.03674013931892049,0.040084651332217565,0.044604952874064206
0.03388249682860493,0.043219678828431016,0.03847796104298699,0.03688934187666319,0.028228806331939017,0.02960959211313745,0.034199295637824305,0.0343354535017847,0.03657344799771979,0.0268790572229247,0.031216129990655272,0.028425621510528354,0.027809629701522703,0.03079291176866623,0.03247189919088135,0.03548405747292947,0.027479553897748206,0.03929775323626499,0.043928355345560145,0.030074797902851398,0.03189996700015253,0.03298483763324312,0.0348411076761815,0.03655387174514537,0.03332586990263308,0.04610939244611502,0.03761574741586331,0.038741010396173114,0.03865235438486873
0.03725246856046728,0.044467966311735004,0.04403759591412314,0.0367762737554394,0.03203590283292833,0.03122973767237238,0.030136436715966653,0.03507009369372,0.033450140885417666,0.026448690290246817,0.03329604886514126,0.02511558008443716,0.026714216899781595,0.03723116025016981,0.030266160123285,0.04334898112890837,0.0282593289691919,0.03846210246210004,0.039274316851523564,0.029631570240328094,0.032449886538066276,0.028944253945114795,0.03462301920420132,0.03673734561680234,0.03330187158917038,0.035259288764264506,0.03992527260838781,0.03762928255654817,0.03862500667016102
0.03724528899655486,0.037903600954762806,0.03570446939831362,0.03404696720229753,0.03187165731102065,0.030858244135087178,0.03284838238437045,0.034504889868232136,0.040867804860630234,0.03154956987356789,0.03188498356136609,0.028894421814221128,0.027330712208884594,0.031748208858993224,0.03528028197375893,0.03686289672260773,0.029636599975041457,0.03402236107528046,0.033342234262350424,0.03115955181701046,0.03374316226443541,0.031749138037062946,0.03449139995524895,0.033631533771050076,0.033033960778922684,0.04547345902597966,0.04146208523872015,0.03687066642757418,0.04198146724665412
0.03773374274707225,0.04796367028123568,0.04006041582450026,0.038361114413639444,0.03393681112701498,0.03378328562882608,0.03225758576343997,0.03809053145726491,0.0358880350980762,0.02738490137087462,0.029944211135060506,0.03147059427298547,0.02838169225275341,0.03587078216489477,0.03029581303157277,0.03409089262679374,0.028457566704835697,0.0342055126667418,0.03529293472915564,0.028187196249021017,0.03311224993052635,0.0318051589473861,0.035098195983896935,0.03907774924233095,0.02989653362676442,0.04063275784703613,0.03657492332634567,0.03537073795376394,0.03677440359619027
0.04135912568102164,0.04329144874760671,0.0381233046720655,0.03474887772597915,0.03191248365405423,0.03134543797564619,0.029507004706805166,0.033642274802294356,0.03406842492887836,0.028969188734786176,0.02994686396304952,0.028886872704049816,0.03033233349691477,0.0361636487943895,0.03229593484820355,0.03650079255467161,0.029651119504043765,0.03714997754080167,0.03390604094358968,0.03221558712155525,0.03222778379197373,0.029372734088782538,0.03521574300938524,0.03421767030754153,0.03416577209064051,0.03966284635170113,0.04210504276080308,0.038928746302364856,0.04008691819640077
0.04009364803817057,0.038837851640305836,0.039586818720340713,0.032472355092578356,0.033504578905879365,0.031446502335772564,0.034066662447433047,0.035738424099151185,0.035525643868134345,0.03084843088030385,0.032069314575014815,0.02825858679307373,0.027702992093909758,0.03312014308782264,0.032286889996961034,0.03303319881330601,0.028015134731675263,0.04037857345539368,0.03801272450826318,0.03235960107726041,0.030979854585857097,0.03072426221017714,0.03345667931716687,0.033463245823687995,0.0308376719821561,0.03726807470181386,0.04148736391061926,0.03962645343599956,0.04479831887177177
0.03434951929539022,0.036662809893912185,0.03839222169112548,0.03348582068893678,0.03375124281821574,0.033964793819842895,0.031975775073301536,0.036962366425367627,0.03196964456430286,0.029516663115195057,0.030304463503779605,0.02921913831409722,0.02920782206421536,0.03619378855478529,0.03326955347938752,0.04180696970471172,0.03168081100885632,0.04007109501405681,0.03590185502103685,0.03359855136907383,0.03364722874676011,0.0320274384977499,0.031850088656893275,0.03306334360098863,0.03512432093500249,0.03800000666166527,0.03872157258416041,0.038445803655825964,0.036835291241363054
0.033467226555010894,0.03673118637802174,0.03542186334153435,0.03849083928260468,0.029748603279987056,0.031890562093257434,0.035886782676936416,0.032740546189859124,0.034013588354278604,0.028214381667227534,0.030811973954455996,0.03440921969064812,0.031436235903895104,0.034550056765410564,0.0321550226855412,0.04340399333953951,0.03479809127290215,0.03256314148456446,0.03459639150269536,0.030902421441456107,0.03131665752051724,0.03111492719625512,0.035259648345087366,0.038224411867553695,0.032509388172812174,0.036357933145356555,0.03596400058701517,0.03808212693575727,0.04493877836981899
0.04654091900875419,0.036166910702190996,0.03618256023425391,0.03292890652113914,0.03270554114597738,0.0316286544244001,0.03362974589561342,0.036509150177921695,0.033802591487501164,0.03081457584065019,0.032393502700211636,0.03212680445668155,0.03532040649304511,0.03400433815712742,0.03077348231021055,0.036604968316325766,0.03384111023043465,0.033049119189051845,0.04109331361692177,0.028460314865433205,0.028884665960438777,0.029785167578334694,0.03311127754635969,0.0331635446437757,0.035294422412952206,0.03308988664003886,0.039235263885406706,0.04027052325898004,0.03858833229986765
0.04329613073797585,0.03558255341100115,0.03468146118665002,0.043747982644463924,0.03154842171187169,0.03193630788011268,0.03154955845831765,0.031456165013368224,0.03761793389719345,0.027805838747939054,0.028518767799523292,0.02818703317228898,0.02728887404034518,0.03388385519725862,0.02913969301047929,0.03224062329510939,0.029566317039371848,0.037241011452911046,0.04098060721573853,0.03325100909258839,0.03327507808854491,0.03147945512808807,0.031135626417452756,0.041494311827876905,0.030816974885439063,0.045961282757144575,0.037235009753305605,0.042329298723030685,0.03675281741460922
0.03663760506484107,0.0396234080125792,0.04256667786947223,0.031672587494364066,0.03602632025620215,0.032012552012942654,0.028494590719590828,0.03685547071628283,0.03319452512000676,0.030189779020504008,0.030342641629049073,0.02754531985182875,0.027804343563185768,0.037759960915984145,0.030867117277513234,0.035683416034040606,0.029712328427553454,0.03691122974962187,0.03468232781165287,0.031642208855994766,0.03361830644912796,0.03156174739281152,0.03643729141062152,0.031206325783171413,0.033559862096994596,0.04449451594692268,0.03786337612570967,0.035980561158687016,0.04505360323274329
0.03677186216753694,0.03838356418785169,0.03399486324237619,0.038746126134297273,0.037979900644003056,0.03365707883674822,0.03654675546718661,0.03295234683214523,0.040396685882861036,0.028513990562173314,0.02609444845765287,0.03020044518290612,0.029898563494543146,0.03687401017763783,0.03225428264549773,0.03848576684963055,0.03385263198035858,0.03379932466570182,0.03662379625894342,0.029943231093805887,0.028741745492365585,0.028505615863574547,0.031280344011444736,0.03761309053202804,0.03340553609833753,0.039881920649318885,0.041032531785516815,0.03734170863703096,0.0362278321665254
0.038093818111151166,0.037739019038376134,0.04441689324110913,0.037851957261190027,0.03209341025707876,0.032796826743356336,0.035883652993707674,0.033921871009160796,0.03375354108592693,0.027923316838000638,0.03009841104614207,0.026532068395313312,0.02668551154082912,0.036906276311979604,0.028703099320441544,0.036764904863938214,0.03178664164371945,0.038673130124226865,0.035284773393750794,0.027558985723812303,0.028433260265742187,0.02925084618431121,0.035926328454043296,0.03793849090150546,0.03238378711455113,0.05021818867922564,0.03723277940287478,0.03753503451335989,0.037613175541175534
0.03619192028070514,0.03726365914263859,0.03476922970827148,0.034437065591495404,0.032513432837708856,0.03142036927916055,0.03304363029643777,0.03581618835272926,0.03539787259657494,0.02799082831293473,0.032797390469530376,0.030885989077966823,0.03178298928940353,0.04009865213296335,0.031694954341217364,0.03669290335337788,0.034045270150470694,0.03587849227562197,0.034699842772049086,0.028378380012694243,0.029457538790618694,0.03429262400716332,0.03801855258023323,0.03514889812590429,0.03223317922586104,0.040886092546297874,0.03248820398647457,0.04086400828409973,0.040811842179395194
0.0397000928107849,0.034244861800491556,0.037214768968721154,0.0345024040779464,0.0347169782927665,0.03407396569272261,0.03509027381632786,0.036662369362216826,0.03345532363047282,0.02826761780134539,0.031019795194383283,0.03222970723002381,0.03258123432876979,0.0347205837926404,0.029323877290449763,0.04466431949732411,0.03299424932054941,0.037337324129170936,0.037715834914327465,0.032665809288524895,0.02632374310174109,0.030904893930696526,0.032043342529237205,0.034888952571745756,0.034433598265953574,0.036771315163226445,0.03479599836948789,0.03744693378456275,0.039209831043388835
0.03799478519630687,0.03758723791535308,0.03575879719100747,0.03525495040979311,0.03460114468458482,0.03877358386182223,0.03893265606099474,0.03728975122603133,0.03719307115155039,0.026738621469585593,0.03102051826713979,0.028076664975928672,0.02809087217366436,0.03793634294445053,0.028736507735912298,0.03496141201553339,0.02939885821343417,0.03343201100357883,0.0411377506994943,0.02781434818176439,0.03102043719801072,0.029342153601525027,0.04172991653341668,0.03375701668323949,0.033540454837020124,0.035210417466266165,0.03625356616839319,0.03907523474138659,0.039340917392811654
0.03674491011958998,0.039185866789571165,0.04203833334653377,0.03427384232607091,0.03628821168666554,0.029640139441234524,0.02813170424712692,0.03565603225870032,0.03516169665076055,0.030697474647022983,0.030580641190266534,0.030621948769498787,0.03348363870837614,0.03386860833079413,0.03094552906449468,0.0354050037206279,0.0296122209803327,0.042372794361504415,0.03907726882502447,0.03096700431004651,0.03220586314044415,0.032725938955754756,0.03319834909807578,0.036311914548029796,0.030349808491801845,0.03748401007808856,0.04326641384065967,0.03632512376654043,0.033379708306362096
0.038859786973716115,0.03396524787368698,0.03673713059203858,0.03365496033570546,0.031197600368322226,0.03236546001087135,0.033590536621515045,0.03326431808913227,0.03782317782938591,0.03204757134454743,0.02791973776082766,0.03196283478038578,0.03370121415926226,0.03645314362341187,0.03022577743187425,0.03895625296465103,0.033320828739098515,0.03409673259783073,0.03478126510880756,0.030896494273316262,0.031547123855513906,0.030456539927251468,0.03254364813270619,0.03380970654655312,0.0321156826852441,0.04044059963390313,0.03966726996704843,0.03816567911452247,0.04543367865886996
