wSMI_1,wSMI_2,wSMI_4,wSMI_8,p_e_1,p_e_2,p_e_4,p_e_8,k,se,msf,sef90,sef95,b,b_n,g,g_n,ft,ft_n,t,t_n,d,d_n,a_n,a,CNV,P1,P3a,P3b
0.040177698077454416,0.03336535750854959,0.040559372864055074,0.03564464266567271,0.03133184652226062,0.030812908790095676,0.032360270319090154,0.041184543248518016,0.033333792155991485,0.034715569311948066,0.03411449000974306,0.027646137485520784,0.031700099613702376,0.03369679992392231,0.03235678787063083,0.035056792917084134,0.02964726202995998,0.037548081635909406,0.03807231925258802,0.030060759679290727,0.033453480083275505,0.03232829048131157,0.031456973274711544,0.03567294510525501,0.03511080580114754,0.03702666076059148,0.03773961125115295,0.035605181228719605,0.038220520131847416
0.040391722302939366,0.04136092540106095,0.0366392658401233,0.03476701952444211,0.03278226831520218,0.029785435867572273,0.03070198605394192,0.0391623277474441,0.029124723401825918,0.03237739943634248,0.03162809865413235,0.030313352428968023,0.03063254639449331,0.031814334334171655,0.03544132494720928,0.03332689074666844,0.03193842467172101,0.04018902761779085,0.042554878038075505,0.033101538946161926,0.031887767317187676,0.032883955636894543,0.035024895108674486,0.03326775104061078,0.03277955308551431,0.034557955710398366,0.03671365779617796,0.038765255521479434,0.036085718112775556
0.03834963926936422,0.03874767550494742,0.03913344719789553,0.03439814115018772,0.030950158231696872,0.03141919014033971,0.03285098315529855,0.03692403622624919,0.03468366692985271,0.033965527892157274,0.03083119915790989,0.03162564131255015,0.032343466004073264,0.038003019551502946,0.03139631550929235,0.03803039355354236,0.030086336526506708,0.035843855089462306,0.03711608443127565,0.03163438763902747,0.032559483313366736,0.02906320973009078,0.03444833745855384,0.03456325857430688,0.03356189589442173,0.03830340740142992,0.03623696344107257,0.035126886844059214,0.03780339286956606
0.03573583716270841,0.03369981296497435,0.03913961264446007,0.03424673396638719,0.034255072978237745,0.03448842144159222,0.034679981842426905,0.03556039252854002,0.03447676299139228,0.03964825326261305,0.033639131192387,0.03040742834761685,0.033778983206544815,0.03282186177876872,0.03166163429727472,0.03447303443056897,0.03464727616613349,0.034262092804511514,0.03684948961570579,0.03099201730820334,0.03206208794024621,0.032714370382892766,0.03257145176808599,0.033535362153741886,0.03090661799239795,0.03613617632635652,0.038517895244451955,0.03677761417350589,0.03731459308727342
0.041078326601574455,0.041531749264543505,0.03721614054808138,0.037010906337029074,0.032100315590508605,0.030374611374193068,0.03494682400061785,0.036200528382126604,0.03731766791303684,0.03428087485636736,0.030907435143647015,0.02923799418278301,0.029854860973497082,0.03199909265219068,0.0328755040402878,0.036371487462351935,0.03315979904352188,0.03371222481258623,0.03632886346524948,0.032221169042643195,0.031867147466538785,0.031521601655321155,0.0355882450038831,0.03647079934399555,0.03297385076635372,0.0343554879400021,0.03569131119750324,0.0379395957212389,0.03486558521832643
0.038848143052255334,0.03737861075426964,0.044020776552810316,0.03453001218275571,0.032451560855556325,0.02984292516212687,0.03268941363507598,0.036202714683242064,0.034448677590820445,0.03219325634834211,0.03380510199820061,0.029579996918512604,0.03131888237347706,0.03334012626416892,0.03489224234212372,0.03338417091295397,0.029776133620642586,0.034626321679766446,0.03526129564812645,0.03208342046596907,0.0334409234485186,0.033810783804392855,0.031768187935691375,0.034437805843476645,0.03321134731584066,0.040441758660980584,0.03422143869307486,0.03907427330919118,0.038919697947636916
0.039994980778690396,0.039544495070711026,0.03945822864045995,0.03146473855713208,0.03412188944453094,0.03309581323680884,0.03123103372594908,0.035939831025282566,0.031166771585699964,0.033043696659610614,0.03538490006322389,0.031905697719998814,0.03420033899824382,0.03367284651682269,0.035389201134355494,0.0365306378582691,0.02986453950293913,0.03442467163290765,0.03689077996988811,0.037684590786848125,0.03364691294043489,0.03266015639061774,0.03021646319557929,0.030814066821904202,0.03731247749469792,0.03546414642106752,0.035492589579084174,0.036151043964985946,0.03323246028325609
0.03833165474523045,0.037712879658588466,0.03639313998171382,0.031594098071843706,0.03258529497617123,0.03453921554937749,0.03588280774309714,0.03515882697221447,0.03423049010430264,0.03271336155164607,0.029716182144401075,0.03159317559583129,0.035148057270254864,0.03517468853602467,0.032894740653701605,0.036740668536278526,0.030969102933730352,0.03508055209960576,0.03579917526520584,0.033393277747305425,0.03292994091503471,0.03375937796851565,0.0335848658624905,0.031583279583531236,0.03425521783196174,0.038992154627568464,0.0372260946403928,0.03678562242893529,0.03523205600504473
0.03592141439254989,0.03991043316432366,0.03728683163916183,0.03230085959382465,0.03314438274208584,0.03464224338123369,0.033832430310060856,0.03671674885341725,0.032001215758006504,0.032339197352657015,0.031337335061614645,0.03302186078537155,0.031015301527566236,0.034239681072474396,0.032536281719301695,0.03821274744310279,0.0319579510813507,0.039626979559510514,0.038762393246270885,0.03450522514110831,0.032366152554778996,0.03459652055032502,0.03175996358672591,0.03327379035503793,0.03426848383871254,0.034512085837034065,0.034829001829772666,0.03432666975277996,0.03675581786983998
0.033357050483035625,0.03366099737163407,0.03630734832776085,0.03495694147754146,0.03325349119968863,0.03405550079738875,0.03516427692100045,0.034546238922015485,0.029607067817613596,0.03714846547412699,0.03112791104284927,0.035392174100409235,0.032026376817498946,0.0357299392873127,0.03165957043018533,0.03556055202131485,0.03579107392524975,0.032855437329143825,0.035128953997569316,0.03466877415877759,0.03450654472920648,0.03461217002816901,0.03155479645432866,0.03525120915964618,0.03728403567793509,0.03794049372394014,0.03840134212450597,0.03429191413009438,0.03415935207005734
0.03842722654306295,0.03864344008741823,0.038366698043084776,0.032814825799231666,0.033178770582462956,0.034988713990537254,0.032943647188540474,0.033613989304388116,0.03288773069757854,0.03570865249050973,0.032654617798268414,0.030841992475922803,0.03125096851582941,0.03439498787786005,0.03453129399924267,0.03248603681808525,0.03172534388417162,0.03504480589183362,0.03734209291366353,0.03378836385530424,0.03163463181827046,0.0335268945308967,0.03279690086708205,0.0321248041167424,0.03535121464401142,0.035508646971750345,0.0361785226122506,0.038233294673307064,0.039010891008692636
0.03589809536753428,0.03783421368282035,0.036191233622555656,0.03419918204915011,0.0330936511218118,0.0316363283014693,0.033843590783274355,0.038312538053947694,0.03234087526442577,0.03291255552527709,0.03383060487477697,0.030493077045994375,0.02981873794981956,0.0343750384432733,0.034538588980087756,0.03469389431893131,0.029801792675337706,0.03483634681317209,0.03681397750687078,0.03180012610867984,0.03516879238279597,0.03233014684970589,0.032610077025010925,0.034176699924402955,0.03880658896404313,0.03632623884290713,0.039937754221596525,0.03612576751035881,0.037253485789968684
0.03592561396084546,0.03789088826208716,0.036802436858623055,0.03486483633312916,0.03232936077412376,0.031179602781730698,0.032652972962418855,0.03439443801479817,0.036770635151912506,0.03266212876756831,0.03078967947502479,0.030901981162442603,0.03205907729588409,0.035023202706715974,0.030672966906998972,0.03537560691333505,0.03120445268757167,0.03630261773548251,0.04021457655478351,0.03242768965748788,0.029214175605523023,0.03387640888200151,0.032893479158751564,0.035457954942297434,0.03477936568462574,0.03893705048867943,0.03687082445845866,0.03808406488565136,0.039441910931047125
0.0371930696720346,0.03996848457803561,0.03505962161327851,0.033429520892687095,0.03219478939908432,0.03198444319549269,0.034692945104567614,0.037257890396175684,0.03128803868657585,0.03177229461827823,0.03210844705227435,0.028937964061820705,0.030410150136188335,0.036047793359425186,0.03423337861791895,0.03475454412884195,0.03212754692978047,0.03584903543485161,0.03511378935846695,0.03572154835711534,0.031781363391761554,0.03377040366195483,0.03412778299051656,0.033624936779234615,0.03819432465106802,0.034114141191311634,0.037518885794303666,0.03758149150276687,0.0391413744441882
0.04134334879889025,0.041294838532547104,0.03790212067998107,0.032998929070698554,0.034289931904661695,0.03033108182782134,0.033834109387768256,0.03603346767086122,0.0309692563766474,0.03652174600394034,0.03303152736421151,0.028938484772046174,0.033460793101810646,0.03455219231009947,0.0329288432510128,0.03587221229510032,0.032733145193573975,0.03778643894780458,0.03392018063682438,0.03450121950491554,0.033531958228517775,0.03403303980700865,0.0324953457638373,0.032263412964619306,0.03647687609178703,0.034614803967457565,0.031945726862228185,0.03498518892537238,0.036409779757955195
0.03248132080277629,0.04197815039775392,0.03687965725972961,0.03330187755951517,0.030288286286314713,0.032278490275426265,0.03409536233461137,0.03546429296541677,0.03275051278400935,0.03785737652779203,0.03324279912464016,0.028930998828959685,0.02936180118709657,0.037071491646146405,0.03210714553604695,0.034267764918806815,0.030522495313726982,0.038046900878994275,0.03864419564474141,0.031737389692366016,0.032475764234440686,0.03475340397514272,0.034580518806086744,0.03367821238212822,0.035614860614503425,0.03683409061725888,0.035593686271698136,0.03650101418010048,0.03866013895377001
0.04008592110646496,0.03563590956373201,0.036724247604540475,0.034661744245019666,0.03353834656123724,0.031186174901939652,0.035162739274485336,0.038831677401580965,0.034657146781054415,0.03357788451177945,0.03278703504443985,0.031015904117059945,0.029735089521639856,0.03342217961644193,0.035926304900750744,0.03370687883167657,0.03273061672362014,0.034980597503156206,0.0361568345729059,0.03175797143362057,0.03449825857140655,0.03581354851018809,0.0319968407072573,0.0354584215728285,0.032907532193985324,0.0333393525757083,0.03448388546864762,0.038508501779011016,0.036712454403821426
0.034631555236321096,0.03495503854024444,0.04169286137262594,0.03393915724051466,0.03497923588435416,0.034213392020417246,0.03700342916792139,0.03991810521978075,0.03115113764876285,0.031648928279603805,0.03308933003631198,0.029244155690394437,0.03085432691834893,0.034272689212139454,0.034066417468554,0.03151937248686194,0.03034591693024582,0.03743381758897853,0.03403959389298486,0.03371539985057928,0.0365282247180017,0.032296599442937,0.03287665794231162,0.033742207158789825,0.033002981019849706,0.03823024323004567,0.039697134699069644,0.03716615525668007,0.03374593584636922
0.039136314514502904,0.037736147878951576,0.0376881564673465,0.03322499379509256,0.032827649261467064,0.03360453378004881,0.03546955003899471,0.035856846968789775,0.03237449535203067,0.03442268167210063,0.033295790576266235,0.030761554337496944,0.030710342108914025,0.0387781778572047,0.03364325319521946,0.0373067277203426,0.03176041414339311,0.03737633244212858,0.03645440051403782,0.03353298575502337,0.029837447171396324,0.032221563889762064,0.03171383254291352,0.032809124839611924,0.03166909087402174,0.036742377854294475,0.03453033406201226,0.03842097354498922,0.03609390684164639
0.03442168716647111,0.03546734511824605,0.035426648222424986,0.035753466131155,0.03271545045928431,0.03406702800452027,0.032542657865844885,0.039225641495695726,0.032230101003025494,0.03826125935721238,0.03139942363909942,0.029909244659324253,0.03224652508639031,0.03299734705471651,0.03824786187336092,0.03511546606284739,0.029869499050264044,0.035413032786657014,0.03788396771333307,0.031770501435491864,0.03568191589530297,0.02997265445866749,0.03385546973970578,0.036534234525139146,0.03569856817807342,0.04075276700491546,0.03261591411432473,0.036061404454471,0.03386291744403507
0.04190248654822439,0.03847540098270853,0.037010948274303,0.03413909625995247,0.03154804449995172,0.031465412591192767,0.03214729857516019,0.03435087510580749,0.03887522242826044,0.03519841198141567,0.03322415802992034,0.03323969229166353,0.03181110569781675,0.0331369117736924,0.03304415876365559,0.03490376650407686,0.03418191671098845,0.034593231928653836,0.03483457903469006,0.030860800939670318,0.033524888411171516,0.031068110738150266,0.03208579242056392,0.03393433306145863,0.03161027497147752,0.037810125585011706,0.033820102898214355,0.03704608390331761,0.040156769088829695
0.03580228646807928,0.036617404645643795,0.03750231079757997,0.032774728158589915,0.034007526413544,0.03591063384730013,0.037600678134633324,0.03438050219550383,0.03273964968756617,0.03171422671308536,0.03328077589312374,0.030726360740368747,0.031100598718477302,0.035831496749595335,0.03227494117730649,0.03584772700064316,0.033260443718464136,0.032947709505142135,0.03929926129691402,0.03477263197059892,0.03282965097582088,0.03320697658034617,0.03220087335701105,0.03316291250426302,0.03411527381872627,0.038471342206254075,0.03587785363702381,0.03340021588625318,0.03834300720214177
0.034512532302542975,0.037451531075724784,0.037480988288248376,0.03147114917590658,0.03209968589529965,0.03157691501242727,0.03520386158456517,0.03684616337572057,0.034488534275135,0.034681833444562965,0.030413399906381856,0.03119057116384167,0.03132517999980889,0.03877067257674204,0.03451384997558389,0.03560760729211258,0.03236940307726488,0.037676516125851656,0.039932131572261234,0.03392695825718776,0.03121846065774515,0.033530764841233046,0.032100414358966364,0.03189829606367635,0.0332566336203984,0.03973124243560085,0.033872429469261896,0.0362564955082111,0.03659577866773702
0.03602500894170897,0.04346018731373563,0.04003898704204552,0.0343498171262311,0.03596632072426508,0.032174422673809364,0.03536442931356894,0.036654844909722414,0.03437332545111826,0.03372117379708979,0.03248516352514854,0.030037208970274443,0.028977616087588448,0.0357995049076854,0.032515210404847596,0.03503681548405736,0.02982621565596018,0.03828431520592992,0.035924128443777736,0.03077204840862599,0.03134617472625969,0.03188595914722221,0.03431668227822739,0.034248996425874464,0.031226744164638064,0.03658651744492221,0.037391359575013404,0.033245712229346525,0.03796510962130541
0.03946002607853151,0.03868317693169428,0.037891381300788424,0.0332101471827,0.03326103685666961,0.033406762155761875,0.03771396870376811,0.03567096856095676,0.03140151213370056,0.03201822298584506,0.029327918871956453,0.0302793365766356,0.030605347921656218,0.03535211186513626,0.032528506807520924,0.036186916038868665,0.03257423154479107,0.03620854376585038,0.040245908597052675,0.031904763866523,0.033062458098383,0.03227139790294465,0.030622060097563287,0.03480419212796888,0.03502414782690421,0.03823248501207492,0.03731024842384994,0.03188129068529997,0.038860931078603736
0.037334334680033165,0.03564512928057954,0.034879842530910296,0.03309086644315745,0.03832689520355453,0.0328722995756182,0.03700948134349553,0.03659166224452005,0.031022095768576674,0.03227604743609731,0.032155581100760965,0.03167310243000208,0.03152819447262446,0.034884335676894265,0.03296863360907567,0.033088390015645716,0.030340447040502094,0.03406428428415185,0.03496057770744497,0.0367550266880533,0.03571342135262655,0.03404436602382012,0.03452406601966214,0.033134097034210316,0.0350759305667353,0.034656818216939396,0.036238079710054355,0.039030458626456224,0.03611553491779747
0.03877065198672609,0.03560146043095985,0.036922555877732036,0.032437789095665415,0.03211541784554011,0.03160668025003392,0.03207889278998472,0.036712087854174395,0.031156540398692156,0.037339108331527704,0.03232093370720805,0.030190660493152423,0.030021833318253522,0.03157878997935965,0.03566621765842774,0.035963063814772135,0.03213988903992417,0.03733836607679435,0.037809353961183526,0.033476638338392234,0.03416397243138687,0.035815764812580426,0.03414586948180266,0.03316765384018648,0.030926368823110995,0.03745343214631954,0.036871364444140166,0.03772571284018744,0.03848292993178119
0.037372448235564994,0.038167585189387954,0.036627361328823535,0.03480793291319396,0.031556765810953874,0.030932818499355925,0.03335232979995408,0.035461958890493715,0.03219720806983403,0.0335694844568933,0.032033259052641344,0.03000351431983574,0.03102132749325496,0.03558916953234606,0.03416680117331994,0.037354258892062356,0.03157316791884236,0.034843294296675806,0.0353946207699174,0.032210552549012936,0.033628046391790255,0.030382067601421908,0.033268513069875695,0.035623637927063995,0.03626272123318386,0.038100097492078856,0.03847819103016718,0.03803357522678831,0.03798729083526576
0.03914809911625475,0.03789762442436929,0.03799486167588515,0.03465065936422005,0.03405314651636042,0.03265069518660215,0.03349409226030382,0.036652291078993295,0.03332897527361867,0.03396386337739185,0.032938290887642316,0.027356270293439823,0.03216851136709574,0.03507803328034108,0.03039929619880798,0.033226284733975174,0.027971760469111158,0.033974111347625915,0.03303119263392589,0.034697731215202934,0.03116545574151226,0.03442449802813602,0.03208042236793297,0.03408291045080884,0.03671854285193384,0.04024524666303679,0.04171009343132276,0.03989230379591059,0.03500473596823843
0.036244611668418004,0.03640889658576035,0.03567353248126197,0.036142563868700496,0.03150693788150949,0.03151517012944866,0.03170772770526883,0.03562046143210691,0.032650214167393166,0.0371448010044695,0.03473102634424588,0.030054836435853483,0.030886600692270373,0.033106324663898436,0.034918087372541685,0.03552071959840628,0.028624615955698172,0.03528125394089699,0.03596090173996215,0.03333258588556283,0.03153456113920058,0.03778618429180071,0.034281249072625905,0.036657153621651596,0.03621262325002085,0.034286073986170736,0.03794563065848524,0.038230674820664605,0.03603397960570616
0.03914337735325925,0.03846681745296059,0.03746072575094927,0.03500815343048162,0.03252887369816596,0.032885206818784096,0.03707168134158136,0.03804451029266381,0.032640118803790315,0.032105756240689315,0.031219538438430155,0.02987663641645329,0.029998750917774607,0.03516656289400756,0.031948287082698215,0.033961440451743694,0.03133533040221521,0.033422973628169664,0.03722546039584067,0.03346868047051087,0.032119155638317104,0.03202819013959214,0.03225273432271967,0.03369384974178543,0.034508380041581396,0.03736635404944857,0.03280002462482252,0.03829439180799919,0.043958037352564414
0.03993848545451947,0.03793400036870458,0.042089554187116206,0.03191905326268265,0.03233913419359945,0.03265541970730208,0.03239938963066288,0.03989351687749731,0.03567032225951972,0.03304381216706916,0.03166318525315817,0.030334904828500077,0.033536675859594044,0.035015928929279,0.034973799086474175,0.034872945587618984,0.031343201781325956,0.0342661952190375,0.03480960412267049,0.03039335190041891,0.032270993787655536,0.03345365400621385,0.03319559029387063,0.031495074133216186,0.034246457645976044,0.034929030619767674,0.03681638656577742,0.036753258624643834,0.037747073646128025
0.03984200594954701,0.03890599629157958,0.03749182241942559,0.035664306844411894,0.03235650305509781,0.029574227708624622,0.031452788185645855,0.03829506967566713,0.032869923903651496,0.032975879088030915,0.03050727673648242,0.030472701949431504,0.031665808563305725,0.03383167141557132,0.0315769286311704,0.03620059483246587,0.032238602365870575,0.03425339410370335,0.036656895288313736,0.03268714710860959,0.03399686740101339,0.03431801927223891,0.03228851865828524,0.03430580250975933,0.03224818064316801,0.03709880371580261,0.040434499413546154,0.03642087684046689,0.03936888742911305
0.03716327408604686,0.03578602147338842,0.04350858485981946,0.031077902575021986,0.03151306987829927,0.028062934492015506,0.03296307966691774,0.03626245203853589,0.030405274604412814,0.036419067381090395,0.03285385703578517,0.032061947267515795,0.03253842988428755,0.03191250199289081,0.03286480990076726,0.03258560885638393,0.03173767314348307,0.03843222961837332,0.03323225566621897,0.03484606832641754,0.0352868746085165,0.03231261829562213,0.03101628478880742,0.03144119049931503,0.035095235927017014,0.036202175550426124,0.042416726387805664,0.042708178394481516,0.03729367280033687
0.03803537138520883,0.04225655463691175,0.038637131520002976,0.033242048502922394,0.031950541672245605,0.031898609063221485,0.03372432140906993,0.03915630488171333,0.03463889437071889,0.032628707478712854,0.0331911846384759,0.028812073293794104,0.03031114942296269,0.0332362041363259,0.03251282712072036,0.03413308526570649,0.031046254166402103,0.033946577801908205,0.03565533959082844,0.03184410803221732,0.0331341336824427,0.029849168941139044,0.03307793281797335,0.032910132173760605,0.035532911553975165,0.04010605471205036,0.0363827723805872,0.035936101949713875,0.0422135033982882
0.03970447658669349,0.0402147024858902,0.03946443977579804,0.03451705156901171,0.03082754128736457,0.028679736572765728,0.03218702064322787,0.03793442631795563,0.03428785397349158,0.03703250565859169,0.03470318063577869,0.028608632566481516,0.02992389978438321,0.033849950141840744,0.03313665537274054,0.034765463618475656,0.029351217574929624,0.03635322930964925,0.036350248555474876,0.03297301517293299,0.03327165534598594,0.03306345126209119,0.03055322326354265,0.03478664381236428,0.03513169610204983,0.03477178363124036,0.037647320335120485,0.03609432292294716,0.03981465572118051
0.03474264778939039,0.035817490851972056,0.03923465196533965,0.034205264660610295,0.031980338341452884,0.03068001297921078,0.036407268702266085,0.03623238217738868,0.036432024756326786,0.03713849292287555,0.03164424942773234,0.029865187174889996,0.03136297887627815,0.03189519131422343,0.03259104528344985,0.03453884716871859,0.0325659351037281,0.034707969409945576,0.03815344487027654,0.03347804240804644,0.03088668224444211,0.035759351708490685,0.03638879947096787,0.033527409346133845,0.03432927884937058,0.03503256788810216,0.03723773188775961,0.03500041781947945,0.038164294601131556
0.03498243895566633,0.04009763038032101,0.03766545151634818,0.035022397988279164,0.034623847252763,0.03444108078364827,0.035347113497667185,0.035320362273859054,0.034396244738964535,0.03278283924404309,0.03186155300797023,0.029381012454403204,0.03224191870788061,0.03666277091112026,0.03183236203161959,0.036878210464608194,0.0315503336930554,0.03545143488087606,0.04063454964292587,0.032917555941899664,0.030857312916388047,0.03150204420730156,0.034756208515861385,0.035232107930393275,0.03340341837712545,0.035439070395601395,0.0360414940031019,0.033322953831139264,0.035354281455168814
0.036267494260545693,0.03828676771697128,0.04207865283089075,0.032551437777776034,0.0340954113090592,0.032521678929849016,0.032288964849229385,0.03943243825877752,0.03286023313989159,0.03353293000324946,0.029796307820671563,0.030595826550536852,0.033288689631889766,0.030696695363338737,0.032753139215042554,0.036759949162131766,0.030741521041147003,0.03751405562177317,0.0372677635182961,0.030290619491623205,0.03182338942510372,0.03110078109622207,0.03427181174871962,0.03118653459686286,0.034175426515640296,0.03890885949396363,0.036600914258199925,0.039487037045074856,0.03882466932752245
0.032705027020398104,0.03406446382293038,0.04274185449256752,0.036517541774344686,0.033253435144068214,0.03128709573399603,0.03771875945195313,0.03719259018704344,0.03337533900452499,0.03221757093702315,0.031139476999307608,0.029023120952009873,0.03285032164718105,0.03072813723780483,0.03257189500707056,0.03484591208529649,0.03280178775547636,0.032231221361161896,0.03131601158333935,0.03143359782909011,0.03367247800218662,0.03552660570048209,0.034973806087970474,0.03582027328471599,0.03666705321251242,0.03863421759656631,0.03988041851873551,0.037991947606100085,0.03681803996414274
0.041118322088205116,0.03328282010259859,0.04066031591781324,0.03367951135254778,0.03253157030252814,0.0348637767097217,0.03486424252705923,0.036395121122766126,0.03343427621132451,0.034772523631167035,0.030476295405594062,0.02912008140460422,0.03163206664199395,0.036032386634321414,0.03208807977298734,0.03620667486078455,0.03105580483880873,0.036319432571651676,0.03510729062743615,0.03204871430240609,0.03435953720634016,0.0315084538088257,0.03270886877322062,0.03299074130605063,0.034937407495287356,0.032269257266758986,0.0399190364916278,0.03846516019906673,0.03715223042650235
0.03978984189300326,0.038991953116912934,0.04303353751754211,0.031362602375281115,0.03616347362505396,0.03333235782269543,0.033672908252567905,0.03545530484025056,0.031711277443570565,0.03571880251222656,0.030471062746370355,0.03251401946043664,0.03143219664738296,0.03468935762746778,0.031115194794233393,0.0375074950242401,0.03079322795906031,0.03390265233238575,0.03946595595594279,0.031644437109543136,0.030832891120827433,0.03303753123453181,0.032778772626433327,0.03125842137218669,0.03474841675480752,0.03600355694830919,0.03883210131272408,0.036143828722931856,0.0335968208510805
0.03484865465800967,0.03644044232850319,0.03633975344351492,0.036856617498099375,0.032006465461795294,0.0306937106582357,0.03375368014957422,0.04261186763898883,0.028204117168381115,0.03596753535578541,0.030541526913241013,0.03115491514222666,0.031438990908088674,0.03672754803388219,0.034843861527843814,0.03839934763475912,0.02997018499683015,0.03294269507771035,0.03426824025266896,0.03400679997305074,0.03206350458837078,0.032387862350170424,0.03205127294075325,0.037657820848768855,0.039590477728772645,0.0362723989826501,0.036091498869287315,0.03532869732056545,0.036539511549471826
0.03878546991491986,0.0387399460942018,0.036543639668075945,0.03403669200773376,0.03227860141525963,0.03162686368028058,0.03406710316726743,0.03650156758628935,0.0329924637774157,0.0353840480954176,0.034396491497396244,0.029336671765219386,0.03275909304541846,0.03427686230913944,0.034355472898685895,0.03605363394692454,0.03203930124221853,0.037170719158187676,0.03821833829505481,0.03125224081309997,0.03252761017245292,0.03272579965957256,0.03256346494406238,0.034851427203784945,0.036316863634356766,0.034898720026110844,0.036245813888838255,0.03337577233702273,0.03567930775559207
0.03974318024997419,0.0396492432341287,0.039949212084663656,0.03342656472401603,0.03427324901845123,0.03125894900487884,0.03377839115125651,0.03347630956227292,0.030290434141782487,0.03342168501633032,0.03011350001437374,0.03422199192414975,0.034981156390210245,0.0315546581419398,0.0301791021087488,0.041042198900814196,0.03426721443902157,0.036142238602733065,0.035447794115266086,0.03180736230458333,0.02964595211358918,0.030351764620039613,0.029361864288107487,0.03348516939771222,0.03652708076694375,0.03589253348715171,0.04097807143937763,0.03993796442802746,0.03479516432945546
0.03928183489631844,0.03910848425717843,0.033471643692344684,0.033312109365633814,0.0326712624863967,0.031839175156535914,0.034992027181828235,0.035945890332882466,0.035384361133080786,0.034395154578922074,0.033505990340762834,0.03199193249742652,0.030504334955201284,0.032904936647715675,0.03141780000992238,0.034954137897480975,0.03329794301613172,0.0375849902940973,0.035909028665590106,0.03436698198945472,0.03350061811121992,0.03286252254857117,0.032444397664015176,0.03380247682718098,0.038561300945576776,0.03211743554395777,0.03727012884008006,0.03393045601776332,0.038670644106729796
0.03974835891998406,0.04045581591508135,0.03785470108718971,0.03475128515594668,0.034003173512929266,0.03097685712645079,0.0325718528043087,0.033984365349462045,0.036754228011887886,0.0369298048204355,0.028464463626223714,0.029335644953422245,0.03019131525019269,0.036286568625853215,0.03425684320031302,0.034630736303727,0.029366894649534375,0.03674353828982334,0.03846539765879402,0.032493995970101275,0.03242262267060687,0.031143292428224868,0.03361403764852956,0.03382155183804051,0.036782201869608344,0.03864302435939025,0.03624238207751091,0.034018931791955156,0.03504611408447273
0.0384970227183137,0.037470948890366576,0.04225675679311171,0.034730625841247684,0.030157134279258674,0.030624147281001646,0.033284608933765676,0.03408815333687981,0.032953196332006426,0.03285415352618192,0.03228413654764291,0.028686472631508485,0.030076852872280114,0.035113832423193304,0.029890165453443186,0.034346434722316986,0.02972399622403906,0.04014881898245925,0.04002014322229745,0.032744822860334435,0.03259284998870697,0.035440680788951504,0.034244489040954555,0.033644467868245806,0.034804753446518004,0.03396325268419345,0.037889043211647946,0.037267570777125204,0.04020046832200762
0.03566067866983965,0.03471823070792334,0.040326260253447196,0.033705321430793876,0.035106559500876405,0.03640563647104798,0.03475605558351898,0.036209939948230754,0.03229500878203855,0.0364510105356753,0.032278717708298696,0.03019844092510271,0.03297681560485617,0.031716193097306805,0.03039180863820141,0.03488786812912987,0.030235178317447202,0.03419604997104653,0.03821673260690316,0.031166543505481193,0.032744727178951286,0.03159024758838173,0.031768479587717405,0.03393646405547477,0.03646795288063581,0.03656840552040999,0.03670701118072614,0.04010677117518287,0.03821089044535425
0.0378831868882721,0.036957687317186745,0.03596734173406928,0.033906282654602674,0.031910414605741275,0.03158484223604816,0.034128450293566634,0.033770370463277785,0.03377493808557155,0.03703982510249972,0.029675089031116497,0.031221202790500325,0.03253688373353745,0.03460183859686979,0.034095179585756794,0.0351842957915716,0.0327752222512133,0.040011963602291076,0.03941573211395796,0.031383997601417093,0.03368446544173995,0.030705418591379645,0.030527832107834753,0.034115570878220834,0.033424591708110005,0.038955297423533465,0.03965058565561537,0.034724796716250714,0.03638669699824747
0.042470698724733504,0.04274518333519157,0.037322393761443376,0.03293386432363775,0.03206146147256428,0.03154928511169203,0.03263701190219896,0.03500309257177288,0.034647326660589575,0.0347300907463781,0.035359957538987456,0.030302247904784963,0.031658656826575794,0.03347752162026606,0.03235095346837628,0.03779067687120048,0.030870687636641313,0.035736895980415184,0.03482975228406355,0.033452308206704744,0.030371147250369455,0.030828577332272167,0.03309854001285244,0.03376181100435601,0.03326459291329136,0.03533047971543622,0.037750553543820994,0.036353405800556654,0.037310825478826845
0.03847125994594424,0.03913957604948751,0.040168137325734585,0.03755873508546202,0.03247401692624061,0.03491172195682517,0.03243299148859392,0.03504973793440972,0.03179584205040171,0.03212672143595279,0.029093769466644936,0.03106087185818911,0.030465776656227607,0.034919904466626774,0.03543123444869769,0.03432564929473264,0.03240810401948043,0.03534369854372492,0.03730704169628672,0.029878993727417237,0.030971800609622187,0.03196648708394534,0.031337700985711585,0.036855761905344654,0.03168279495535291,0.033014049984329795,0.03994355426260839,0.040946248354376914,0.038917817481627884
0.0366108107339556,0.03612918106491293,0.04017517057912248,0.030962707411539152,0.03124922420857349,0.030873740149252565,0.03290631401015509,0.037977882315912315,0.03384633129657534,0.033297118012057106,0.031740575573095994,0.02812327741490809,0.029783288570535783,0.03755609489538657,0.03273478445630921,0.034564934077210355,0.03136527478846095,0.03553401972199013,0.03722928351615242,0.03259342047398731,0.03408070412431553,0.03369122319511358,0.035719310634844646,0.03154159152574535,0.038002008683343476,0.039049708546386015,0.03522689600359414,0.0382675573411098,0.03916756667545461
0.040721837382499425,0.03836601664074585,0.038493070981156105,0.03196228493336026,0.032511684266475493,0.032797761330139445,0.037304042689665695,0.030345882316581863,0.030214321733362713,0.036312133682742505,0.03176421534368814,0.02909512545669647,0.03371266517396397,0.03524377266687782,0.03215703080989654,0.036631884619075725,0.031697160885411066,0.035583899712533285,0.03369448818054009,0.03328704331755152,0.03383806907668031,0.03381704988875126,0.03575090970362993,0.0321858678251344,0.035293158721141915,0.036282017889027525,0.03804421264133399,0.0349423448921649,0.037950047239171836
0.04199555552918862,0.03889140349005557,0.044127514472412865,0.03601425320608221,0.03231870174030531,0.030381431847737683,0.033681825644309514,0.03682567882477573,0.03448687305848227,0.03335578900107797,0.03208387885959979,0.029332063352736255,0.030722383549011422,0.033212113373427166,0.03150446599191505,0.03497357762740232,0.030636815755549062,0.032741835287553124,0.036752747023626034,0.03287023627809295,0.03344452166946905,0.03146005531902345,0.031195181938383117,0.035242770925695444,0.03148842371878873,0.04059414960271041,0.03504552718067602,0.038590938444423906,0.03602928728748901
0.03929973143489638,0.037794185190684934,0.04283104694242478,0.03226348350626046,0.034356596855269386,0.033485512117694384,0.03438188179714183,0.03336104712367107,0.033908558589742004,0.034681627153406634,0.03154765676457951,0.028801603423370885,0.03195727900016303,0.03229547264872508,0.0312181122652188,0.03621706699731673,0.031054524413873685,0.03552249407969149,0.03449112712878917,0.03391860879847362,0.03461940195778329,0.033158881434075485,0.033396427084244625,0.032116424789721106,0.03128711248679633,0.03755686757570256,0.043744662098216494,0.034889246637933934,0.035843359704132285
0.04220519901194902,0.03985576837953502,0.03802654441994892,0.03261059245538599,0.03302735830916389,0.032998895652745795,0.035078489882447286,0.034570474623889326,0.03259907080588092,0.03349058206740281,0.03248108918517397,0.029866492040556795,0.029141242628514176,0.03398061885549945,0.03242286150530025,0.03449147033317248,0.03537188519309019,0.03650549605532129,0.037389582217697906,0.02882395990726947,0.034265793642079656,0.03048968062720923,0.033297421788454865,0.03329719999630949,0.035554287633803236,0.038825165274242006,0.0361228203830242,0.03492247779003903,0.0382874793348933
0.04011511529059909,0.0368434910754036,0.03868135913786517,0.03261788112060909,0.028729906711734893,0.031945116059916887,0.03273064432635882,0.036902602718046046,0.03373934157928129,0.03518317118958332,0.03588822459145475,0.03472219623743139,0.03165414883559772,0.036153661280009027,0.03169767025720536,0.03423494930588256,0.03391374688234212,0.03504503307783487,0.03810213143140479,0.03291225210514995,0.03548958499782624,0.031748309052464084,0.03349903309886252,0.03321565233796145,0.032450270032153,0.037914031093061615,0.03695023433117241,0.03370256621582446,0.033217675626963546
0.034454562871156204,0.037299328506504324,0.03864452557247982,0.034675801116676064,0.03280371664832114,0.03386807507417259,0.030674064760907237,0.03563156866730151,0.032741762117320036,0.03167746554912114,0.035940532641820275,0.031400710486511496,0.03176721827229482,0.03384975254296168,0.03178091818920011,0.036139920631143733,0.03523997836858102,0.035445816420721685,0.03697477304438833,0.0335929109847855,0.03253741781762763,0.033503768202977395,0.031230329424204527,0.03490246120096029,0.033446167154880725,0.037377503318137675,0.03615398852865158,0.037497843632708444,0.03874711825348304
0.03921482562384021,0.038496818331521,0.03882852838463244,0.03205467476035987,0.03339005865557283,0.032890523412176534,0.03300756603106396,0.0381558958866899,0.036388907077230685,0.03249187142361004,0.03233254681136108,0.030126818738312043,0.03338904150581792,0.03455020006967669,0.03084661173280031,0.03776103202203247,0.03323321335520361,0.03351535041109785,0.034223423940076186,0.029921487977617116,0.03206823508990504,0.035749903731906174,0.034687546125568305,0.03231631850841673,0.03417348648803027,0.03884155738504193,0.03420760379465128,0.03596152375238178,0.03717442897340569
0.03866994632643184,0.03365493417340172,0.04791158286263945,0.03421082896852077,0.03349404929231552,0.03603078172905009,0.03568541400657972,0.03456627914284934,0.031630891750843326,0.037108796372297456,0.030862327464680893,0.032019276467873815,0.03112303329086142,0.033915159895459686,0.03254946237958806,0.034126689125101035,0.035237572824185444,0.03450429295938257,0.035408610505881774,0.031045616691362445,0.031488320724016215,0.03057104472810008,0.029940314957999703,0.03368793282096571,0.03422173907117925,0.039384967073730945,0.03464088189088466,0.03745070645437306,0.03485854604944402
0.03738726932212867,0.039257338148106016,0.034481072282950324,0.03435926436271416,0.03384083543437748,0.03580144088877612,0.03529550138974794,0.03467383833666319,0.03519525284832805,0.031861763371131696,0.03126489195821581,0.029247212967141844,0.031175634180523593,0.034001785593896036,0.03286162218079753,0.034449768730982204,0.030384880473415594,0.04137103724135531,0.041341750092233606,0.03209425568180866,0.03390081205868969,0.03152416883396465,0.030088681607839736,0.034055599254545176,0.03352922694613385,0.037071133949087266,0.03468226283491924,0.037008336304773695,0.037793362724752845
0.035565845583763155,0.034279107141496026,0.04093745719511156,0.040287798212541616,0.0344318947205179,0.03255370211531956,0.032042381799898455,0.033216797381027244,0.031991763138511334,0.03294980314392272,0.032874373737772015,0.031186558914824376,0.03225229112176544,0.0335415653745388,0.029894208968111624,0.03895683402528664,0.030048938623970678,0.039107317573814616,0.03689776019498414,0.03338090759789742,0.03138355685328283,0.03372374048315515,0.03346817539369993,0.038794000850634294,0.034851515274632004,0.03543714567126883,0.0378309908704338,0.03428793264433796,0.03382563539347984
0.037435202606667835,0.038989664115779185,0.03587487267153701,0.032556652998325615,0.03423957480846687,0.03382493559019954,0.034026917046458285,0.03364222337413976,0.03376114953083476,0.03188923108985729,0.033027056597639756,0.0320048655648281,0.034963193802303824,0.033676770590883906,0.03243759572050668,0.035372754197858174,0.03449904612190191,0.034587685380798684,0.034681205000467896,0.03408931213379588,0.033850494112253715,0.03180038033080706,0.037143312785918196,0.03233824734626754,0.035984738421037776,0.03220096038058915,0.03478161884009005,0.033926727750733535,0.04239361108905195
0.03996046316031411,0.03539652866390348,0.04333524661708875,0.0327405462050181,0.035270991434446244,0.037518705447394926,0.036462959416563565,0.034580961757911505,0.03358972861555275,0.033259778205208514,0.03262319192663009,0.032344429959814354,0.03201883305811729,0.035537804353262065,0.033961603517708265,0.03542133135914434,0.032150416559669125,0.03703579172430153,0.03646567975061557,0.029773079595912404,0.033394114686343845,0.029074733759873704,0.03135170239054061,0.03179813174955626,0.03630729114630376,0.03505770518544806,0.03421433546880156,0.033697733578782196,0.03565618070577315
0.03664363647362938,0.034890771139006814,0.039277980642090475,0.03274066764285437,0.03306833057169174,0.03426719927199401,0.03762819706443739,0.03672796698351298,0.034313065214961136,0.03433917349690409,0.03044928145732039,0.03135189787732392,0.03252822283855232,0.031199648737238357,0.033185840124790145,0.033725904915343906,0.031417401900566425,0.037301238086681454,0.03494879597144496,0.0330055825660648,0.03528015557696269,0.030444939635683767,0.03360574740229914,0.03226871864101558,0.03467616002925019,0.03794311212019834,0.039533225634753366,0.03494911423155787,0.0382880237518701
0.03757421853337367,0.039029481564739614,0.04044053263933002,0.03257845511821168,0.031352259511887325,0.031071028192978235,0.034490828643675364,0.0358134777822476,0.03338696413535601,0.03930185798467641,0.031638167459591734,0.02865284907934399,0.03250778695461872,0.0349177363892813,0.03167122913983968,0.03685195247934412,0.03163224088996465,0.034288286873318474,0.038095122713705444,0.03088216888401052,0.03090122393234248,0.03304373306967954,0.036007052060012416,0.032915453456333274,0.03311099936840288,0.03391269674239735,0.0376344493952272,0.0370120621705344,0.0392856848355759
