wSMI_1,wSMI_2,wSMI_4,wSMI_8,p_e_1,p_e_2,p_e_4,p_e_8,k,se,msf,sef90,sef95,b,b_n,g,g_n,ft,ft_n,t,t_n,d,d_n,a_n,a,CNV,P1,P3a,P3b
0.04027859378629985,0.03383599860406281,0.03352855315365168,0.03172286312326896,0.033739074429429416,0.03179791971905429,0.028479822751303098,0.029393020452427192,0.04587182422983464,0.03620932726604383,0.03359010890784088,0.03193922618551489,0.028937013155603996,0.03136943914042017,0.041904640007052366,0.03261957249122472,0.02995542891041697,0.031971654412478664,0.032433156675531524,0.033326564134445937,0.030992906409956167,0.0345922807725794,0.033301208587857394,0.03080926660506834,0.04638217496298078,0.032764382498555934,0.03777164966559814,0.031200928349259877,0.04928140061223807
0.03927846929035399,0.03486295068454789,0.03447383355887944,0.03193228278227381,0.03389962181498742,0.031103294295399396,0.02714836541222585,0.030175301047413023,0.04528979659285894,0.03570016144117982,0.033516266137315454,0.03197363750994471,0.02860855681779865,0.031196511835999686,0.042040200599079855,0.03282518439015325,0.030230632045197964,0.03265958725993305,0.03161391702534947,0.03336258547906985,0.030635778834097432,0.03467402808737714,0.0342528333669191,0.0317784950794333,0.04572218030755727,0.033026433694609225,0.03885414220953738,0.03041389908175398,0.04875105331875359
0.04028928453533144,0.03396324095517836,0.03353993019000624,0.03175977316111623,0.03471467514147229,0.031266793882102455,0.02795687419556968,0.030478840129769914,0.04578715498841861,0.03462602874239982,0.03350375128803758,0.03182181183412182,0.02884848093866298,0.03038099237872006,0.04165348074485399,0.03188806483031762,0.030077417038963217,0.03313389749495234,0.032810048487409746,0.03255170572507707,0.03142780978493716,0.034608869749740756,0.03488076481153028,0.03229377055683135,0.045065678335789706,0.03307208505041104,0.038133984259306856,0.03095266544425459,0.04851212532471676
0.040951584456707275,0.03343745034405043,0.034087444004118464,0.032658208532459675,0.03420429435014525,0.03138566641855094,0.027610862204841286,0.03004331713842427,0.04490917644965241,0.03520948009906154,0.03413586960650034,0.031879200079116016,0.028596260645663212,0.03149984082225116,0.042570357315420124,0.0328765806171203,0.029193109659993784,0.032573594712962325,0.03265697369794255,0.032575206959757116,0.030721025144120083,0.03380988920470361,0.0347669556004428,0.031117356013507902,0.04553868482950232,0.03309619468045554,0.03787294565799848,0.031017175984495583,0.04900529477003529
0.03912116807244616,0.03388834036361596,0.03399418638133639,0.031868641347864775,0.03417679118133073,0.03115885621949945,0.02776777905262271,0.029600278800686775,0.04585965340104059,0.036019247188179344,0.0345081925631477,0.031440975747568246,0.02827951501510332,0.030884618831366995,0.0428193273825003,0.032626917558660914,0.02963528421739079,0.03240596942246145,0.03189949396162934,0.03181983658874761,0.03138245257341542,0.033515695846974704,0.03549103198290464,0.033045169450878785,0.04545787573574015,0.03322556740535253,0.0385939939050217,0.030839059466903296,0.048674080335609306
0.04006452738715999,0.033906909866916995,0.03331985263255956,0.032582099324767744,0.033497944447021845,0.031718702473064034,0.028583169803908032,0.030438169527422974,0.045465201509720124,0.035406272513996744,0.033535651524425225,0.03183331406423182,0.028280183569963785,0.03101196114996444,0.04217178142409268,0.032250803223057095,0.030060083423438567,0.033073070803375806,0.032187729588012984,0.032724967333656416,0.03180923155095751,0.03399805559270498,0.034421204731466405,0.03187209810921708,0.04483084236909064,0.03205327667513783,0.03790999418552886,0.03092598932920848,0.05006691186593134
0.04084916435090304,0.033920574294946944,0.033878389809331895,0.03140606468462191,0.03401482571683968,0.03147402302780532,0.027589914467974902,0.030318921534504113,0.04456178283252042,0.035632999549538115,0.03386877521846186,0.030952029577546496,0.028771025076648804,0.03110945838028271,0.04188585245426881,0.03235517269411205,0.030354977274455165,0.03253766600377313,0.031418565298289916,0.032454596220638274,0.03155979144574045,0.03448696017925214,0.03394028768254711,0.031828136316307834,0.0463401468728825,0.03420424522570632,0.03839841522816896,0.030549614396124514,0.04933762418580669
0.03948924712400941,0.0336867199835799,0.03410322371604453,0.03187941342581272,0.033961253920985895,0.03166677685047741,0.02830149539045086,0.03010851514264845,0.04483071430314149,0.036060985097879694,0.03426560277734423,0.031065020918460383,0.02874236058242464,0.031039249316323438,0.0422907817614854,0.032260591738290094,0.029866166429284774,0.03371293648657876,0.03208032134796762,0.03241885119136787,0.030416534404471333,0.03376654885605729,0.035066563134232606,0.03227620747318735,0.04552322347591874,0.032700561805898816,0.03786723342689506,0.0316212615544505,0.04893163836433073
0.040732136913675256,0.033256412160894346,0.033693004001362124,0.032732015799853534,0.0335161665221439,0.03176298534110538,0.02763965345287912,0.030406714806909357,0.0447933954550413,0.03639577254437475,0.03373430808958895,0.03149553299347728,0.028415077846383578,0.032099369967229875,0.04074693252016085,0.03236444273839208,0.02965692072356939,0.03307042061730175,0.03163669505900353,0.03267860070310282,0.03176647631635243,0.0339457963372711,0.03389247561794184,0.03178355245148626,0.04460308326231092,0.034204269037593535,0.03738907131146061,0.03133716272108647,0.05025155468804776
0.04068049275887704,0.03421536898449765,0.033229623078562656,0.032623409496988505,0.03415930125455111,0.031213708561037834,0.02834741939544665,0.029964613617755365,0.046139992136922506,0.03477252637529192,0.034304303349070774,0.030793644354482376,0.028777585686951025,0.031460766592002885,0.04168134875223658,0.03307870374188928,0.02985326470044618,0.03338036532032361,0.03209014175864824,0.032178782869282566,0.03108681714493262,0.03461987919266901,0.03517714538290624,0.031692413536381345,0.04507153601790455,0.032276975766626075,0.0373302576386133,0.030954583690283772,0.04884502884441829
0.04055666138991706,0.03372534828368397,0.03342606916151668,0.03173780355726413,0.03386469978114907,0.03113344443763874,0.028160661235811364,0.02968960373402522,0.045299287728278265,0.03613660584136794,0.03409128527365477,0.03168755943744363,0.028916858469594,0.0315962348262562,0.04228740244738082,0.032373196856775144,0.030510329752480064,0.03255539602927219,0.0323915996330133,0.03291874758282047,0.030503685000727514,0.033836641479830905,0.03480527551495437,0.03191999100210057,0.045355263632635145,0.033238049765143426,0.037921809824282615,0.0310751528387125,0.04828533548226993
0.04011514140337125,0.0333106137064589,0.034077732662224455,0.03256262680747278,0.034071646076402805,0.0312712722463238,0.02795426508535797,0.030352656126021216,0.04519379770303625,0.03511304956085559,0.03359345645357634,0.030141396924284913,0.029156282139401652,0.031352848221008874,0.04264844525683116,0.03226100312084771,0.029772996061976788,0.033301695908548326,0.03230023361626973,0.03276077193689189,0.03155104837290103,0.03499882619836785,0.03367523478822268,0.03231038286161312,0.04582169784351195,0.03322761593768231,0.03747305889054755,0.030763845592733468,0.04886635849725772
0.038553350258412805,0.034442415810171476,0.03321728761735802,0.03259938928343812,0.034649790573621775,0.03178184763603602,0.028032549783478255,0.030330937505204447,0.04512781101321492,0.03552575408107142,0.0340186949011561,0.030902484086332303,0.02843593405592839,0.031236574425569798,0.04292088815950057,0.03252812365353499,0.029593900063707913,0.03257208672266093,0.031737041024328436,0.03201259871021951,0.03068068578211695,0.03434194933333966,0.03481376184205891,0.031949772535051504,0.04577654273060415,0.03375256846205292,0.03787534352591569,0.03157003823704181,0.049019878186872236
0.039663180486757627,0.034195333715219704,0.033333842573302755,0.03221375628949989,0.03362228897752142,0.031842340599110876,0.02738575482967518,0.03000757119065987,0.04517368837354046,0.03530844248937841,0.0339345970562861,0.03132935656259751,0.027939005700732582,0.03153995468059417,0.04231811199468172,0.03316272744187042,0.030172489055400264,0.03212538991286626,0.032292033456219144,0.03197035914490213,0.031174993659821626,0.03492842216609364,0.03469622099952556,0.032096043118698944,0.045652538087470884,0.03363161097687012,0.03777687523325812,0.03160603939283862,0.048907031834606
0.03982849860094649,0.03309734560122259,0.03315331891371943,0.03180852297134244,0.033243269008701046,0.032125551719416535,0.02749632243885357,0.030651023824044388,0.045694377722485524,0.03547980385767288,0.033848771808330534,0.03122427548000122,0.028295660758283027,0.031420470188292374,0.042421731295127704,0.032387836157776864,0.03066042760515203,0.03341399737973171,0.03183426603846957,0.03207786152918764,0.03208385099081249,0.034327492424128116,0.034618908553875484,0.03238121734569711,0.046068893298558684,0.03274218157795783,0.03920300637893756,0.030563075002250206,0.04784804152902496
0.04004879168825089,0.03332703344037751,0.03311295850155953,0.03237680583933017,0.033847481718648285,0.03168758529294564,0.0277146494160808,0.03010627154477997,0.04566844342942167,0.03645502601616305,0.03296485219825137,0.03132589466045847,0.028663202239840348,0.03167416041464298,0.04244535867971964,0.032564861191294744,0.030209108653926404,0.03277409324969438,0.032732650651335564,0.03345427993332858,0.031060637572814066,0.033736507244356465,0.03452406560371661,0.032535896064001986,0.044378868384217174,0.03326755489652804,0.03743401796235988,0.031151973114818637,0.0487569703971372
0.04034622779814738,0.033485665190944015,0.03354040404054837,0.03215275526761929,0.03357209735517586,0.031071109917643926,0.028793778521262157,0.030144745598195005,0.046116267514394835,0.035245783928544126,0.03420651951815157,0.0306908621363405,0.02803456177140078,0.03070998634056899,0.04294755529229028,0.03256751318223002,0.03024546282221665,0.032691518922922644,0.03228631134394803,0.032437829241280164,0.030192302995076435,0.03444035769246131,0.03501663612105421,0.03222437284601641,0.04615193013435642,0.03344510777230514,0.03770528404525185,0.030343357667980568,0.04919369502167309
0.04009692222435231,0.033021675490824534,0.033714110263118824,0.03228794424521001,0.03347628668930679,0.031056145166732312,0.028976159644145273,0.02998389968961624,0.046217051816964436,0.03482615252891869,0.03316256658421398,0.03148407447461794,0.028763211041228743,0.03197850163544935,0.041626896862955454,0.03328470649919688,0.030392064848072352,0.0334493084631393,0.03237190657663661,0.03247488741892111,0.0315260975055832,0.03356090110969823,0.034075212165238115,0.031861985776431255,0.04577780270967301,0.03365880223700333,0.038164329258865155,0.0308031806125723,0.04792721646131428
0.03975654476171261,0.03388442712282483,0.033340304408805164,0.031912990269411315,0.03333941725867576,0.03151365897357562,0.029062884814058686,0.030279070002800473,0.046086943714362366,0.035407665402374604,0.03418369850296652,0.032158657628551586,0.028416725382481144,0.0310547736720043,0.0425736619495964,0.03284869685468165,0.02981577413453639,0.032721563738219085,0.03198953937344954,0.03329637661131496,0.03083941554045929,0.03393492816216469,0.034561910659134845,0.032136969600152075,0.04477113201269354,0.03347755662096014,0.03753153405876727,0.03004544569761853,0.049057733071646674
0.039832869428522585,0.03351340705352808,0.03344875144975369,0.03242902081554511,0.034193661229906434,0.031986685324881074,0.02851980719464727,0.030143760753933137,0.044363863263473434,0.035836201161545345,0.033789610908559434,0.03148089937925304,0.027967172675998332,0.03069906302143448,0.04192981867327854,0.032364438148366495,0.029670897641169897,0.033181936194100994,0.032442446969530435,0.03272218719339719,0.031196897066410895,0.03387742360568309,0.03453474917032108,0.033025957825365215,0.04593434389872174,0.03325271149742806,0.03859955549467268,0.030979751076534844,0.048082111884037396
0.040493056042022635,0.03358821741662993,0.03353104812405968,0.03295077870994504,0.03377137088087242,0.03186515422134016,0.028462059980204384,0.030164716260002195,0.045376222553298685,0.03643583630701056,0.03310019317809193,0.030884104202109314,0.028408098287123495,0.03183976853624359,0.04036412362473593,0.03250602893191643,0.029988118455275457,0.03274233531807973,0.0319213077409338,0.03349657905742227,0.03145152217444481,0.03483431157684477,0.034863976368058894,0.03161616459386722,0.04498449239323679,0.0338219101161913,0.03683878091996624,0.030753242899288567,0.04894648113078382
0.04010330889569367,0.033690641334218896,0.033546751759160456,0.03118120508147414,0.034300104294160326,0.03203481651075722,0.02830044963470655,0.029828641499896207,0.045514712225462696,0.035960006989628576,0.033034556375522994,0.031939175141494615,0.0287346470706069,0.030920115950142657,0.042290612531225145,0.03290661048122777,0.030740264132029328,0.03280643261811286,0.03216649943004897,0.03280623912693833,0.03089169427981976,0.0338567261642005,0.034036289685193344,0.03224641680073368,0.045337679316464485,0.03255397000486535,0.038069039180597224,0.03125602337127435,0.04894637011434303
0.040460677169412214,0.03353329898782363,0.03370915848952352,0.03197891951696143,0.03354662004287988,0.031892308163557814,0.027813195476442797,0.030477288705228717,0.0457330804531549,0.035795455934775885,0.033188762597767305,0.031365139972930264,0.02835359651394139,0.031956086658539565,0.04241815026283375,0.03264121104340097,0.030331826188566578,0.03322534652699892,0.03144629505372605,0.03282975302994973,0.03120761459859873,0.03352174025103051,0.03490294451343071,0.03201443539953472,0.04542238878219512,0.032680893035935396,0.037331628964221264,0.03099099945981129,0.04923118420682705
0.039900707437504776,0.03399888768325836,0.03336617526632927,0.032382676353406886,0.03379641792478371,0.031626351705543794,0.027775937966227505,0.029628513521494666,0.04529941022754473,0.03578477042906312,0.03446592506827998,0.03171304811391601,0.028842967532514537,0.03094754323712151,0.0422296857097882,0.03157988467424341,0.030142986906270337,0.032371527111482314,0.03311318632010498,0.03271214018587602,0.03140136636498477,0.03404869546079907,0.035659989259666916,0.031806756139605985,0.045047000354826526,0.03314846445779408,0.03790781665772182,0.031020788846642573,0.048280379083204275
0.039987517418166904,0.033547891732145195,0.03389641055933143,0.03257983709949759,0.033908691508871255,0.03153899055718491,0.027764848558090645,0.029500571993692597,0.04590802801787729,0.035521189629189494,0.03287422867979936,0.03162211937903925,0.02926117814221014,0.0316786268503417,0.041868778813485705,0.032713521541520914,0.03003905859545644,0.03294649968541845,0.03216187423845199,0.03239728625847841,0.03045766946580867,0.03366664324207327,0.034989170956011215,0.03185696274155108,0.04561524504085861,0.03340621571353343,0.03830702336037189,0.03103781245705242,0.048946107764489794
0.04016145898195196,0.03329429104626932,0.033434212334036185,0.03167492335454675,0.034079900356184446,0.031509572199196555,0.02844816934967199,0.03066355077507425,0.0448928162879713,0.03515252439057749,0.03309458903026808,0.031050346942299578,0.02930472117954372,0.031564704817249656,0.041854490646998935,0.032309750079513096,0.030816612266712527,0.03235736440832454,0.032089008176398474,0.03248831644093934,0.030627913722561094,0.03429926602110966,0.03453986464381736,0.03177593620272362,0.045555373979611714,0.03340556767409798,0.038634805661908946,0.03155139456968041,0.04936855446076101
0.03984958637417159,0.03368481855159012,0.033726574962102775,0.032068170715519,0.0338458309707108,0.0323845247459031,0.027520741418534205,0.029113168758027514,0.04565607391160285,0.035610005514877086,0.033005875025796515,0.03292801376111139,0.028271069703148088,0.032246792715342136,0.04200676239801045,0.032309317892132504,0.030603361955918295,0.03253787734666118,0.032043388523760756,0.03324521702419599,0.031829626236383725,0.03393005490640967,0.034686698152161674,0.03106763720859442,0.04581750609781212,0.03263406685122939,0.038077296611519026,0.031058391154553232,0.04824155051222047
0.03973094820438662,0.03381509398719209,0.03439564604230895,0.03201189636576594,0.03392852747015265,0.03121929999342766,0.02781013075673287,0.028887357867355468,0.04500215746990622,0.03630028691726337,0.03313241224252603,0.031497573589909914,0.028290098179361844,0.031260310106172445,0.04101725909991798,0.03277021366457043,0.03040679039019939,0.03201644347865533,0.03196894552502479,0.03287590660205149,0.03140162906322107,0.035369044318528796,0.03650134572413585,0.03173640139183563,0.04533004673540217,0.032441564992291,0.038064526441470105,0.03171413864619529,0.049104004734038635
0.03923456625879803,0.032659486731738185,0.03414269329104545,0.03249616682854956,0.03360381217547724,0.031636247953232846,0.02849091441778457,0.030474880851596654,0.045831803713405964,0.03484701069918479,0.03339078105943512,0.031796227603315366,0.028580232659207106,0.030827777685512196,0.04174272175424472,0.032544054452405644,0.030960051821459188,0.032299971756582314,0.032112404735476115,0.03310517202981638,0.03150322826551728,0.033420820177934504,0.03530335140883021,0.032059807887062246,0.04504400675315011,0.032764390148199596,0.037829188537805904,0.03199927588278035,0.049298952460452364
0.04057239472594561,0.03388136075700918,0.033705978956649195,0.03230279834119952,0.03335844504441057,0.03213504931015545,0.0285756980062025,0.03013385890919982,0.04597615787400068,0.0351741823459902,0.03346927647568444,0.03125167952415754,0.028070919940976057,0.031788892364002466,0.04155797925639006,0.03263985286132228,0.02969246348430741,0.03281831982190345,0.03173660283610258,0.032801289592538786,0.03156979574822488,0.03403942348675957,0.034537311134041696,0.03159610498303864,0.045794969099351227,0.033361519232538814,0.037966929569603645,0.030750299495819138,0.04874044682247461
0.03943829526234282,0.03327354445658344,0.033924405849204885,0.03322727204225413,0.033827529374176143,0.03129307057504705,0.02805765592303064,0.029370914230328393,0.04629282957207043,0.03540901336981757,0.03328057924808708,0.030928708158417244,0.02828722434436507,0.03131135247984185,0.04186907135441661,0.032356671895344115,0.02991380043850108,0.032961394773304675,0.03262099120629823,0.03212795922201204,0.030805895772755894,0.03478962170128642,0.03452071246210344,0.032717945175765,0.04630745934611813,0.03315927515136337,0.03789532072305073,0.03166141392545704,0.048370071966656505
0.04042973286685872,0.033966910995937745,0.033143850375605965,0.03300425243890785,0.0343377383521775,0.031219407749131466,0.027574683918902988,0.03036974790148364,0.04569228767793101,0.03531191461226256,0.03376740141087359,0.03225766167618991,0.028263254078562672,0.030807079234748326,0.042130886326816816,0.0319189205229386,0.029470539615740247,0.03215532409695697,0.03251166549158872,0.03256975687607098,0.031586484373324716,0.0344183994204544,0.03496509472872748,0.032088623781155,0.04544329047390895,0.03336151694250484,0.03715831340627293,0.031269332244607526,0.04880592840935792
0.04062700549471763,0.0328758751457757,0.03441171615604644,0.032135926145008424,0.033641369064228724,0.032079841021471434,0.02841479118410629,0.03044981846786432,0.044649743602585,0.0357561701565494,0.033457069254255976,0.03145032802347796,0.029166027725428374,0.031013123660309505,0.04164332664918351,0.03295717524635928,0.030225844669127356,0.03233414340591913,0.032537088643878206,0.032312769907907705,0.030837114704047243,0.03458539867451495,0.034974019937556916,0.032507809497557626,0.04478010672715334,0.033521441640435704,0.03775237120692711,0.030775508285478724,0.04812707570212809
0.03981103351840332,0.033994547599938495,0.033364150748644086,0.03242296225313587,0.03328876380180799,0.03240886733833635,0.028650574137848807,0.030406078780855807,0.046758141058749154,0.03547693834213346,0.03278642531782209,0.03136952737867951,0.028496629144596587,0.031015580377545614,0.04216282305592224,0.03312798108458106,0.030302111540509193,0.03300342229064614,0.03195181416457313,0.03246782314509186,0.030852206985433707,0.0342935655325273,0.03486529866300198,0.031668768736155664,0.045074667937374684,0.033420159729600815,0.03773923819819635,0.03097277514864242,0.04784712398924636
0.03982796660464138,0.03428327762571165,0.033940236558678435,0.03237102476906266,0.03405830132266324,0.031946628583371314,0.0272533074526392,0.02934994561575528,0.045366675920461064,0.03515919284008029,0.03411900722084786,0.0311735843642436,0.0286568321729042,0.03169689155159036,0.04168174609118881,0.03253779799144333,0.029569198554431776,0.0330312602217492,0.03148758624895283,0.033187076196866706,0.031382580050198824,0.03431479127529015,0.03505694227309802,0.032162374130567654,0.045130724447858414,0.03331277404066626,0.03767581715599159,0.03118892333748801,0.049077535381557846
0.041221859927437834,0.033476650633026475,0.033872206148841365,0.031996528875574984,0.03426337998876081,0.032923094052233016,0.027945663438253953,0.030243925194851723,0.04564840440872986,0.03608843582541671,0.033702258480639784,0.0318046010324687,0.02797102651298599,0.031291661139352785,0.041248363192859926,0.03363645701817773,0.029975490305030734,0.0330158292393893,0.031666706982909076,0.031489736833861505,0.030813903874170934,0.03423891528318775,0.03450399557752348,0.03203948761874091,0.045842475276679104,0.031827299151109115,0.037109679806308096,0.03134144996266687,0.04880051421881154
0.04030671979220987,0.033580393226862966,0.03402187454809421,0.0320804691718398,0.03444842485458277,0.03170064185564251,0.027980311684514415,0.029149359091605508,0.04638762200328794,0.035358555585780015,0.03344700098801612,0.03106646482348737,0.02887614024779177,0.031132994223386994,0.042111986096877,0.032089325805218664,0.029752375327806807,0.033380481470681254,0.032952342527939396,0.03264649234303536,0.031526070645748985,0.03347714527149739,0.03412279475077845,0.03224398812676809,0.04434273182525905,0.03331065750010965,0.03807852306356581,0.031013506586269984,0.04941460656134188
0.04060318935562399,0.033083423709919804,0.03399918991632561,0.032231518192654365,0.033643029026646024,0.03174600085285874,0.02815739506689612,0.03037962567444279,0.04562023490863501,0.035372909198722255,0.03321366500626955,0.031218024922632936,0.02877020011748138,0.031624210281668765,0.04153497532217746,0.032773391479671427,0.030818082560834792,0.032637534111675075,0.032274199752660195,0.03220002918174834,0.030323540723255448,0.034960817788729684,0.034812883245582314,0.03152252452493877,0.04570516031742041,0.0337026942311703,0.037460547887025734,0.03063942909836605,0.04897157354396668
0.039557806301141966,0.033835696934530105,0.032905612561233165,0.032081309946471834,0.03371782695566725,0.032239306951735526,0.027857093716785974,0.030204284135649274,0.04566668942958752,0.03608616609817928,0.03354703477393208,0.030647511498756785,0.028794147080979694,0.03152388041044401,0.041675143010622286,0.03335893618998172,0.030232631271333143,0.033208819979016195,0.03225778317359455,0.03236278844676535,0.030810462958220347,0.03450820864597222,0.0346052938320399,0.03207418139384289,0.045275585470577875,0.03333407256262652,0.03841482339767719,0.030933211187904385,0.04828369168473105
0.03998384938420825,0.034615316257092195,0.03390613122482341,0.031431486859241034,0.03426140407855992,0.030922247916132177,0.02810552201510879,0.03031712596089515,0.045599012995172945,0.03515906293098117,0.0331828952840197,0.031002760993686446,0.028847630057506735,0.032225073157610785,0.041998878707725076,0.03251960690023786,0.029931365562077594,0.033476841725914745,0.031605883140535744,0.032239625780221035,0.031518691464715407,0.034459791936510296,0.03438586274694924,0.0323569757026695,0.04603616972639725,0.03401415472004008,0.03713237960839146,0.03116548363819919,0.04759876952437682
0.03969157829518115,0.03367514379669366,0.03362721647812529,0.03143582897806402,0.03326825850914993,0.03140155505116342,0.02836592714003431,0.0307784306482931,0.046847750672948676,0.0352412664569354,0.03367280449472303,0.032550568910724505,0.0291474022751032,0.03154077738575333,0.04227578291757755,0.03211291486442248,0.02985829855182629,0.03277751794119312,0.03213246476140454,0.031987046094496624,0.031403330269551076,0.034235406738446064,0.034214598978025645,0.03163468045898117,0.04503874514305205,0.03326611204252845,0.03813687536764804,0.030946974827290124,0.04873474195066378
0.04039499252737026,0.03388771142677878,0.03401896077404062,0.032343651394620386,0.03400979896237901,0.030926727933425196,0.0271333826658331,0.030164018369913937,0.04556324445724866,0.03590303732011263,0.03347585224115625,0.030731453176514156,0.028250507446720446,0.0321037364527567,0.041820137782888823,0.03245699456273503,0.030092544681142065,0.033372781830832865,0.03158259956125874,0.032494377486691,0.031901716940313726,0.03395174710928192,0.03464579650278406,0.03156165449294162,0.04601215882117947,0.0341047135754548,0.03852103214349946,0.03061277344367081,0.047961895916455596
0.0400072144932396,0.033801729449531824,0.033549159249255264,0.03192356782145461,0.033647644533219646,0.03133827020802172,0.027855263256740814,0.029201861298025617,0.045953580355264124,0.035363156291984346,0.03373405944340799,0.032087701374853166,0.028777347087991078,0.031252120249549833,0.04303575503082675,0.03269792169816752,0.029972715682386786,0.032317647714074846,0.031963496544327494,0.0329478993188244,0.03158745955565097,0.033919221586723336,0.03517837387898971,0.031620290184574504,0.045830529633902745,0.032962476068021385,0.037575587925411935,0.03103934900417434,0.04885860106140373
0.03975727370228398,0.03393427263839003,0.033372050535821415,0.03153852148792156,0.03390947488699823,0.0320531218879818,0.0273256758229366,0.029440891105106958,0.04571151682501602,0.035426106137594005,0.03372708457851646,0.031246252793251134,0.028585557844408672,0.03146360662118321,0.04193604970930525,0.03225087090823911,0.030589007784660983,0.03269555912497208,0.032431516798187045,0.032894446163306244,0.030841627514791463,0.03412420531671642,0.034838424489374874,0.03163474194803824,0.04539629407887123,0.03317282625735446,0.03827913965536756,0.031697695097321656,0.04972618828608335
0.04031691242226974,0.03394393227136663,0.03426667106119558,0.031234170207436907,0.03338969833786103,0.03140873841005217,0.028266555710935788,0.029983957255293892,0.04656163048346317,0.03553281401914523,0.03349920112445285,0.030763779596685505,0.029262668153702726,0.031454352062901536,0.042816723939150175,0.032198231045663286,0.03060452919938475,0.031754746169265484,0.032570712318388866,0.03180844919330868,0.03147650665628009,0.0332140238380908,0.035276408772272325,0.0312183301131991,0.045467433793761565,0.033612900559516115,0.03844589690083478,0.031035697851692506,0.04861432853242871
0.04035714116863539,0.034032106897567624,0.03323605265568787,0.03203088046654052,0.03329318079784842,0.03255103229611152,0.027737264448629506,0.02982121483802084,0.04455027366455101,0.035382888546905224,0.03330405677358867,0.03252343987303155,0.028964551623745848,0.03007347472745382,0.04269178656056658,0.03239123918211282,0.029906909422220868,0.03280787137103723,0.03234946637604876,0.03234845672780419,0.03157740083474721,0.03441168259309511,0.03435145577312637,0.03267424710879169,0.04581881526409126,0.033114709885082846,0.03777747057249502,0.030663548753825452,0.04925738079663679
0.04061394942409373,0.034274682665567345,0.03373696009205625,0.03158588888774313,0.03413704254360422,0.03136386422073274,0.027610728808167707,0.030449889018930483,0.0454286441994872,0.03535457494523804,0.033202744047054374,0.03111980425136273,0.029307047286136735,0.03101627651802479,0.04185028063043642,0.032755753975487675,0.030157542566176376,0.03298486565043214,0.03173863441130132,0.032556652830010836,0.030945723471609583,0.03451814360240874,0.034880844386411605,0.031394240210167804,0.046184922276801446,0.03277656268048717,0.038529114750078114,0.03104346570688672,0.04848115594310458
0.040395062148336665,0.033688802788052176,0.03312867016789586,0.03284895329310542,0.03405454316631581,0.03144720785399342,0.028028428590509642,0.029698377362776984,0.04505230903360716,0.035619590693911095,0.03307000700346502,0.031893106853058927,0.029175623477142653,0.0313736719610425,0.041889029377721286,0.032419015369053686,0.03080287772727871,0.0327892457210985,0.03183399220866254,0.03265681626776415,0.0314900870059032,0.03479516575558702,0.035013254374918465,0.03144619813259762,0.04507630296242999,0.0337736723940095,0.03717881389295057,0.03143354824703855,0.04792762616977297
0.03991669132893756,0.03322074394746618,0.033438950299400465,0.032475751092013325,0.0331505461249444,0.03128098990159311,0.028760850585896898,0.030523857466686833,0.04689441567010426,0.035714206314665355,0.03421900316134264,0.031629709875748674,0.02870112988434347,0.03120048858735467,0.04209383540987285,0.03277367942449751,0.03019090214811505,0.032562068097957364,0.031797625895591805,0.03217883898186718,0.03169599685361444,0.03427324557434202,0.034406994039992554,0.031770146306630075,0.04504384739057314,0.03290686659069707,0.03699780154196989,0.030925554665563054,0.049255262838218135
0.04003343825843053,0.03322752814077388,0.03356051447231219,0.03175836859085129,0.034109599265802655,0.031099507999970626,0.027858466304714946,0.030512057059190384,0.046757576634774645,0.0347169844960879,0.033354009774127835,0.03182254077660981,0.028621298191421916,0.030953917415712417,0.04145145910454935,0.0328667243669451,0.030642178772924737,0.033409320553080706,0.0314513416518351,0.03259431113879198,0.031630693004208274,0.03438822161326217,0.034560345791411026,0.032197116691965774,0.04491095246450793,0.03299950901537126,0.03815312404855718,0.03147557307863012,0.0488833213231782
0.03948749024823217,0.033689712220576665,0.03357243018249403,0.032189524972610004,0.03418789383633984,0.03195192786317854,0.02815945023834692,0.030040255400346154,0.04478326029997691,0.03538066923245476,0.033619877730255356,0.03167355977831679,0.02846334007550767,0.03198410070283764,0.04197224795817379,0.032691953207130316,0.029864417090495567,0.03306492583421108,0.032238555681035674,0.032419291105341176,0.030886825589503952,0.03481036606457753,0.033703240762431565,0.032842322703488316,0.0457782240368958,0.03250864465644624,0.03866772241653042,0.03101080722270269,0.048356962889562476
0.03958972866447702,0.034059474088387595,0.03378750218496461,0.03161575546450408,0.0344400137218831,0.031391284582626106,0.02785792418570059,0.029916972127939107,0.04534047518874877,0.03529087634947389,0.03362246713409185,0.031828974847268654,0.028205786668541354,0.03142011103307005,0.04208562367162966,0.032342652233402165,0.030559443888387838,0.0323679021021339,0.0315434347913046,0.032845845882451055,0.03101216313464238,0.03383237768602723,0.03481811225314534,0.03284922253168204,0.04649642235791228,0.03319786640255382,0.03829165458331652,0.03137111506928399,0.04801881717045041
0.04004963518263306,0.03446400120755862,0.03404814090661482,0.03199650781588073,0.03371570975125704,0.030910628318333012,0.02858029817963333,0.030051011265760548,0.04611188731763881,0.03532573045717348,0.03388737367695834,0.031051618588948542,0.02779875335569914,0.031416581827852716,0.04202961418135057,0.032372516198975264,0.02994255652705513,0.03228957606756882,0.032224143831619,0.03314119369060635,0.030949807962858726,0.034259676074094005,0.03456831080314303,0.03214604529102767,0.04542999387275877,0.03375212739014666,0.03769566192520202,0.03123553563810503,0.04855536269354675
0.04072907279146083,0.03357038566568945,0.03320038463561363,0.03216843872351374,0.03389330071550822,0.03192755521505933,0.02760576146412891,0.029661948789161313,0.04540850247095207,0.035955135908819234,0.0331358747038433,0.030685955696440857,0.028201028254284333,0.031239242809609453,0.04272865935632915,0.032709119458501336,0.030545032405130325,0.032763726955649636,0.032667250588827516,0.03195548869669156,0.031219092809992154,0.03546867352121852,0.03449703607044348,0.032003072633804495,0.045905031252597005,0.03283677138726474,0.037154522756894584,0.03175154383529906,0.048412390427271815
0.040169981734591756,0.03413569352138922,0.033763177979638744,0.032393149739554004,0.03341147427668014,0.03232852837551043,0.027891987891983678,0.03043972543774955,0.04568290971746618,0.03556252677725362,0.03324227244943188,0.030996623070489303,0.028443334580232193,0.03155008473162966,0.04251452490078282,0.03279774837364079,0.02883842949051384,0.032595358568093945,0.03225166752596167,0.032413378327098785,0.031898776482416534,0.03419674969962956,0.03474262416031028,0.032113936608207695,0.045790640500005225,0.03310877477135662,0.03811267642930922,0.03055261980357492,0.04806062407549775
0.040002522515826325,0.0340008724139311,0.033998566522545494,0.03180060462262836,0.03382633626090166,0.032295309641258145,0.027789279288431327,0.029370731926855916,0.045717842959249966,0.03489562220455071,0.03428065906313682,0.03098567189818341,0.028546786671543305,0.031109796641408106,0.042362410854995314,0.03164268483839564,0.030284542365451188,0.03362833250805981,0.03252424082469272,0.032756932773788126,0.03187501599450744,0.034337478731930667,0.03409002788039366,0.03176008517131962,0.045200949219144325,0.03352461772117971,0.037805303692058576,0.030398962931012595,0.04918781186262001
0.03984558244524028,0.0338938329762252,0.03277677172659144,0.031364408861014034,0.033225189951948446,0.03146641414793987,0.02857552267657714,0.030024517902321562,0.04574066107775012,0.03547971548265605,0.03356687580191649,0.03150779619403819,0.028431398687919347,0.032529836248625085,0.04163687679539795,0.032768031538969046,0.03047545109201406,0.03241019375680175,0.032289743538500656,0.03256039922680306,0.031189650243863963,0.03363015690212347,0.035127380426364596,0.03151560743037966,0.04588917448527563,0.03369808233920651,0.039530322252085345,0.03103635865987774,0.04781404713157348
0.039531527341128476,0.03373081098766364,0.03363533039949187,0.03226277085549781,0.03406310142049665,0.03167066751688831,0.028045983313958568,0.029981270179764385,0.045194975047638766,0.03501276643281541,0.03384106501306442,0.03132005851620134,0.02833350426632576,0.03090775838435702,0.04092092575338642,0.03319377547943249,0.030163628499247603,0.03290592280297648,0.03245052731364944,0.0327728051555913,0.0316865187482864,0.034866914069026284,0.034762591139856525,0.03157070722695896,0.0454461965559517,0.03328431267255312,0.03804349707944214,0.030555115223366847,0.049844972604981976
0.04025612690736437,0.03349188025736137,0.033151549875373755,0.0328137202171699,0.033833300737812634,0.03216420264748244,0.028111119475964685,0.02981179717766256,0.04570077946455051,0.03537043591712695,0.03322216923611443,0.03144742466975649,0.02884340098632305,0.031478320512932,0.04120769852768118,0.0326419905168324,0.029788544117220057,0.0332239185050604,0.03279308476222285,0.03285701072595147,0.03073981710600281,0.03388377343395731,0.03477546304842549,0.031946699134503036,0.04570769532623721,0.03350827777313472,0.03738663114775097,0.031340202653886796,0.04850296513813814
0.040842899917134155,0.033473488334681153,0.03328600495655968,0.031171422812102972,0.034773565447399665,0.031177602739669928,0.02808167217642251,0.029969720042985697,0.045630908508583624,0.035043175857163586,0.033217013296828815,0.031172407052237484,0.028532937042416114,0.030978248148745856,0.042476968818405555,0.032885206368224784,0.03023405735573868,0.032944027849124494,0.03208017970902889,0.03236081046291409,0.031180259751416195,0.03515433219954288,0.034849205454610614,0.0313958856521654,0.04593988904122477,0.03283684261496987,0.03812229751502015,0.03140462849578249,0.04878434237889987
0.039256665156756854,0.03361185034135415,0.033697214213105245,0.03169428823917921,0.0338220354833056,0.03168966537535559,0.028319818337614266,0.029848708592981534,0.04559517661557323,0.036471209576092165,0.03414559432543785,0.031560144604300566,0.028142893510700255,0.031611070614673394,0.04055031143098917,0.03235860079041132,0.029609220308450496,0.032619598573271916,0.032788909099517635,0.03288519205339975,0.03128782099288253,0.03377151924729854,0.03478307725156418,0.03229102705856785,0.045754467198121894,0.03347039007404993,0.038344299312996794,0.030652127032232645,0.049367104589815476
0.03991452313810269,0.03473155589454636,0.03398413561265228,0.031865405065188354,0.033601840284004605,0.031571702795847964,0.028179812568902597,0.030263824197308036,0.046329906093816944,0.03488593654031039,0.03325574136356278,0.03164582561468608,0.028452617246543205,0.03173840653187967,0.04201015883773837,0.03188410744644956,0.03019430329994885,0.03271399565019796,0.03247268738344839,0.03226754144907031,0.031325011182016436,0.034743957536046456,0.035148035464040515,0.030983317104971958,0.045946759411597246,0.033040193167494916,0.03674243192694522,0.031207052414318905,0.04889921477836296
0.041028710380818005,0.033739434712763396,0.03394447936157986,0.0315100115527872,0.03343879764715685,0.03174835598835139,0.027907538285055287,0.029223895030670854,0.045624907817353136,0.035063389790346434,0.033388725713936626,0.032629490017299936,0.028542461825821618,0.03131101415075738,0.04286364515559253,0.03290591447037413,0.03013028767692787,0.032397928278752035,0.031697337399557275,0.03223285937713159,0.031174952357311513,0.03444330775057947,0.0338042356256466,0.03126563698444325,0.04621993968436007,0.0333039346165543,0.03812114077176145,0.03150500293603176,0.04883266464027824
0.04033936037684926,0.03363273818002525,0.033255576641935944,0.03185792270570978,0.03394162155034275,0.03254446609902278,0.02815393594023118,0.0304506899448125,0.04615886383668339,0.03577793678116872,0.033890447085123544,0.03160386519079625,0.028181681255988404,0.03160957856671043,0.04269178427069083,0.03253732739648372,0.03014989035357657,0.03326039007393591,0.03205998398690739,0.032254409861470434,0.031022116992020864,0.034232824870716425,0.03454066643659441,0.031981898480978065,0.04499528247056418,0.032192055259911624,0.03728598285286631,0.03135470011535083,0.048042002422532246
0.04001761116165586,0.033879928514444366,0.03305778745871592,0.03243288923288975,0.03333052403957203,0.03241046415042933,0.028178074971104493,0.029804625654281887,0.045353996726784016,0.035940904950713656,0.03325962082301744,0.031723879003327016,0.029264446586819835,0.031039119298333674,0.041425417411465715,0.03203982925792746,0.029189916124345145,0.03321182016347636,0.032169537893183275,0.03218644303157077,0.031050436969440785,0.03427435258549982,0.03604805001652083,0.032650812395764756,0.045645206636086996,0.033038432084791056,0.03744186474175991,0.03083154011381727,0.0491024680022606
0.04025972121966778,0.033631091100117756,0.034918324630170805,0.03201042458235559,0.03306435445859003,0.03162522232254722,0.028431314447690988,0.029403901891128025,0.04573293828192466,0.035610770039457576,0.033781839671407736,0.03152548244384261,0.02894722278870277,0.03164624820123688,0.041743731714513004,0.032046313361757464,0.029007788298790506,0.032513936616113084,0.03203259037943466,0.03282760359730579,0.031422216873194166,0.03449454044677588,0.034866985162340776,0.03133047648737482,0.04479766491030571,0.033776760218675,0.03850988190647571,0.03107381770401597,0.04896683624408711
0.03990607460945536,0.032927844061236534,0.03394443853019913,0.03222718988679425,0.034034428269806946,0.03248675455867296,0.028390117808496478,0.030607904536798618,0.045675091860291006,0.03593515695864406,0.0332302977795121,0.031167067849445555,0.028370550174420067,0.03189540218652475,0.041461737124893844,0.03240521904014434,0.02999945111029838,0.033369762666616364,0.03153750681818987,0.03292718885234432,0.03121023175273594,0.033722711613569406,0.034836064912051434,0.03218302195647986,0.045764812444950974,0.0332026461675015,0.0372424915157759,0.031031157435525886,0.04830767751862407
