wSMI_1,wSMI_2,wSMI_4,wSMI_8,p_e_1,p_e_2,p_e_4,p_e_8,k,se,msf,sef90,sef95,b,b_n,g,g_n,ft,ft_n,t,t_n,d,d_n,a_n,a,CNV,P1,P3a,P3b
0.03411120525506175,0.04051810826251066,0.039651484646012515,0.028965697687997023,0.03438975992491087,0.03241274892818926,0.030373410747564843,0.033710796428062,0.03508337145601815,0.027316021049898213,0.035497581361232516,0.02549706453241255,0.02551704270909092,0.02909774459144555,0.030896886430135013,0.032350129194994456,0.02824683992709983,0.03181889703385443,0.02851053023471254,0.02960699769959666,0.03748867083604333,0.03136232291215256,0.03424103106007193,0.029357963390448084,0.034476486027945216,0.05485116168663615,0.0350478077487439,0.06732433137679875,0.04227790686036043
0.03297327287241438,0.040665521679017276,0.03960911462774301,0.02935678025814035,0.03280247773638618,0.03177194205226168,0.031231740134580948,0.03427397988939351,0.0353619104193726,0.026811142127860278,0.03520611959265282,0.026195805246069126,0.02535875976343796,0.030193756576107907,0.029792262333430297,0.03230333448556467,0.02798192711292912,0.030409934721939137,0.02964904345002046,0.030288679800240876,0.03795402367430557,0.031625026512246766,0.03477963890110579,0.029424582144015377,0.034427597833908315,0.05602084370050399,0.03451210923796756,0.06734990399188177,0.04166876912450224
0.03365702528789788,0.04119886464065572,0.038562577110754635,0.028909500527689445,0.032941772239984166,0.03232368533934711,0.030925613805112932,0.03349018180612832,0.034778502452893226,0.02759322334819491,0.03567110798698743,0.026678875514941407,0.025722485908328367,0.029845107862243276,0.029811503343626266,0.032279981990068464,0.028059901169366408,0.030269093623402254,0.029303782588094497,0.030345418457302507,0.03789457573314342,0.032197374977869106,0.03474530341677691,0.029340715080542912,0.03395407933552245,0.055521504909502487,0.03492280897513878,0.06768911388966323,0.0413663186788215
0.03316103853694511,0.04005238497815369,0.03878822081547823,0.02909547940252615,0.03284916949266691,0.0322461384168125,0.03106756990965215,0.0341254812049673,0.03577780820250075,0.026702927935159597,0.035974619536673094,0.02625472268698715,0.025535690146555313,0.029428521825613285,0.030508875416735554,0.03205650798069956,0.028173902721166676,0.03091966554142237,0.0286505751942855,0.030488547116903603,0.03715946070919165,0.03189183236854805,0.0346644931303258,0.029039248794131205,0.03469183868243115,0.05568125783291511,0.03486170808458982,0.06863074539006926,0.04152156794589349
0.033494357348895616,0.03985013484405238,0.03931386912888428,0.029020719035038074,0.033635794320017856,0.031257604553174986,0.030950529446255277,0.033695646750590794,0.03529518936235792,0.026659958111299824,0.0355347157135945,0.026124851175218705,0.025040676255431243,0.029394501720498477,0.030251943476170808,0.03243737982078961,0.028577953895046537,0.03228347938783395,0.028780119627843846,0.030614774489300584,0.03791300278760891,0.031616341675398486,0.035230317224146775,0.029951334745900494,0.03358839739771541,0.05584703724251552,0.034811583235559954,0.0674205534279924,0.04140723380086678
0.032949746437881386,0.03980221569002668,0.03968015389224312,0.030019667248160548,0.033097562512722944,0.03152792143057011,0.030852096347989015,0.03344532888952717,0.035078572157687775,0.02673435949002804,0.035605997925693064,0.026275753334432727,0.025307252963437703,0.03008382782317614,0.030229936207389153,0.03259330646932125,0.0286329394446041,0.030976506611647914,0.029296411375567717,0.030634307299356567,0.037657533487715736,0.0318078678218844,0.034247855422591025,0.029159008830594225,0.034112638154561614,0.05562402249107838,0.03440503891053426,0.06857928043521441,0.04158289089436278
0.03422589186992689,0.04003661758407409,0.03885245902527382,0.029511144456880228,0.03323917586669474,0.03152917017929437,0.031130226690215958,0.03286037578634668,0.03486665920924896,0.02622485775453619,0.03548571623605977,0.026362837009292754,0.025587796095602154,0.03048785797275656,0.0310639855159666,0.03233010955720997,0.028413331949171526,0.030168087819870182,0.028948607242475978,0.02936705458660869,0.03720943378918127,0.03068217504941887,0.03486353433022027,0.029708308983117916,0.03497785968915025,0.05591617828978227,0.03523440198648193,0.06823195898148707,0.04248418649365407
0.03353062460040023,0.040299429763562065,0.03894796142694915,0.03011236382235575,0.032186053612013196,0.03164578711042428,0.03128394640369944,0.03291713340072274,0.03579936020296496,0.027183805030516685,0.03504168024942249,0.026217188437708972,0.02523134538253665,0.030209977914085567,0.03016732512998971,0.03310861573084996,0.027515852735367507,0.030597531868532136,0.029307698539860823,0.029780134667113746,0.03815474412279739,0.030663030619653885,0.03523381182165135,0.029729394792550136,0.03571618944725034,0.05511785347763855,0.034306758718086125,0.06882554193837367,0.041168859032922465
0.03386287759895566,0.04043641764251173,0.03912973760995027,0.02935938948031553,0.03290828868726474,0.03205115399329335,0.03096804686539522,0.03364377588572208,0.03480135233174925,0.02649646278683985,0.03614564197846484,0.025965602239025786,0.025726249789950785,0.029671765890111928,0.030493261838268993,0.03297689961167641,0.028128541785523375,0.030954153861611995,0.029194634025952078,0.029284751852577128,0.036578805460011,0.03250390199701077,0.03490310070383817,0.029511691838412374,0.03355752839309356,0.055483260896274124,0.034259845131438024,0.06871637241908954,0.04228648740567145
0.032949038567543804,0.0407372921858964,0.039730668497074635,0.028408815767283612,0.03382899089667045,0.031258179968915306,0.031022225884958517,0.03350031377434619,0.03535677037256411,0.026408398411442397,0.03588437458254044,0.02604414575201715,0.02606782076166273,0.029610869925033173,0.030142370168724293,0.032223947618442994,0.028013125486496877,0.030893264372524515,0.029553814498957054,0.030333745641993138,0.03768350607434802,0.03226250754959043,0.03508343393316754,0.029586001932606708,0.03418534851002576,0.05491439790460891,0.0347049652679317,0.06797429106792732,0.04163737462470575
0.033012999758554026,0.03934236090790087,0.0396489447616493,0.028656823369468093,0.03363771631573208,0.03192689045146667,0.030481210488426703,0.033852759857282554,0.035018179315680735,0.026402441980489782,0.03576261219212598,0.026437013495747824,0.025521824723833363,0.029924879935670785,0.030468901308519418,0.03299688796715898,0.028142227617912387,0.031524521263129546,0.02869584339658765,0.03009089740483998,0.0381888675743232,0.031828456428996996,0.035183164493075826,0.02916646263123791,0.03429435853731251,0.05586507456591792,0.03505729317724045,0.06762345937083726,0.04124692670888116
0.03362122552807887,0.04006447096949045,0.03967494947344541,0.029539765302286913,0.03261218098102929,0.03215359499095714,0.03091536929552275,0.034565263478880934,0.03541183494521416,0.026927360647415955,0.036132695445867544,0.025532923422726377,0.02512335165842113,0.02985802162046511,0.030232968456611824,0.03291507532655048,0.028485564823325437,0.031346065967232446,0.02905344864694976,0.029549157888973877,0.03689242904345848,0.031108652237212008,0.03490550080174132,0.029894842667072808,0.034129242364078535,0.055629779996881436,0.03393232446568677,0.06866408916210817,0.041127850392314584
0.03383383429289617,0.04047954255776638,0.03909576756460642,0.02893535797064841,0.03345650187755648,0.032113243900125654,0.03140072225427744,0.033195484826287834,0.035080212656470516,0.02717755287506841,0.03497226969245175,0.026561752370779484,0.025422884667421663,0.0299527662455595,0.030136860380175677,0.03255330595642159,0.028182084673378127,0.030696569723785327,0.029713585696701877,0.030672513134217504,0.036555970476201204,0.031294142792449076,0.034716420241086496,0.028823165266866756,0.034388248854713845,0.055830396035232474,0.03438510357401983,0.0679188218013639,0.042454917641470184
0.032874781988246296,0.039481684013387766,0.03847211689184245,0.029474401059756572,0.033394021376892985,0.03240575238717215,0.031244949965340253,0.03328683429642718,0.03529345765708203,0.027010007236040377,0.03595234255708101,0.025850335108623536,0.025545196389948455,0.02954620500153844,0.030828287351585337,0.03299932686434091,0.027342592302605932,0.030355383752678038,0.02863135633860761,0.03108528990945133,0.03698211096583207,0.03160209241775337,0.034185643508903685,0.029264645627854385,0.03565612570472919,0.05615420756423588,0.034532401989877205,0.06814782992811431,0.042400619844051315
0.03253755538289334,0.0400261801373194,0.03907979793106037,0.02974897510484974,0.03329933748599652,0.0325002591298313,0.031080897896367327,0.0337325746304394,0.03457150680873346,0.02744769690108642,0.03585364129813688,0.02585226673666955,0.02590142377576877,0.029441001855692355,0.031238728124149944,0.032468328347194556,0.028356685050913773,0.03006336607195074,0.029359807593895716,0.03056732566178031,0.03754234361753683,0.03127360610109891,0.034134640692524566,0.029123644180500907,0.034833662039704165,0.05602669865025593,0.035121167927036505,0.06720981813025477,0.0416070627363576
0.03352855043284929,0.040281930692205134,0.039147065553335386,0.028904024684786526,0.033109500058243625,0.03169608809373946,0.03118753215018715,0.03403161485404378,0.035342031323889335,0.026215214026239393,0.03501928461768788,0.026085246716600764,0.024725552196365207,0.03044387865074232,0.029015029144129408,0.03288027390277156,0.028118931774493327,0.03101351052087261,0.029369390100863417,0.03041175321507695,0.0376686240275725,0.031060317098597516,0.03477052770996502,0.029824359911965366,0.03493419182092293,0.05628588637406675,0.035156850661134345,0.06855263869099218,0.041220200995660906
0.03324819270546964,0.040279622924099256,0.0387668782163547,0.028696243842586178,0.032676657043942806,0.031307078099309806,0.03006893035732496,0.03355075409194038,0.035305937255502025,0.027260955199519828,0.03588668811211876,0.026202504461772046,0.02575200068545395,0.029151116761623484,0.030661201172561436,0.032597119367406044,0.028363651351781604,0.03124520038452385,0.029525404822291667,0.029971460627316926,0.037684952160371356,0.03158213702899907,0.03523257620998007,0.02970453660354471,0.03471843285123313,0.05507901450334233,0.03453499267789887,0.06850947427618784,0.042436286205543315
0.033316368015441175,0.040905595562439334,0.039277988580399846,0.028980644065264877,0.03308252226764115,0.03207085862992565,0.03128356844145157,0.034183314587896405,0.035580133006287505,0.02661953824947739,0.035548222356526195,0.025760422018730595,0.02482721850741652,0.030420846319553507,0.03004490038962269,0.032685880135568716,0.028367745537599492,0.030979421337660056,0.02914805092507399,0.03086261917138139,0.03701213818488015,0.03147161413442273,0.034525542609284046,0.02908700177759339,0.03408627048816591,0.05506300279149694,0.03440835294260842,0.06838765225287335,0.04201256671331703
0.03416234172691398,0.040686019595048487,0.039773670414887184,0.028837496789755467,0.033400680926962384,0.031286405044071625,0.03084806259034507,0.03368266385511833,0.03516244634718675,0.02750043508996646,0.03576698798291002,0.02567804227732321,0.02547982221396432,0.030298130993662888,0.030361316477495192,0.03205918955137127,0.02840400888523731,0.030570291854279653,0.028956423147062493,0.03011174498277802,0.03796235523017661,0.03136607088131073,0.03476906148285568,0.02912287433477374,0.0337057214919786,0.055096548865695226,0.035205896307769685,0.06826102279042437,0.04148426786867523
0.032964236470173325,0.04094875329147425,0.039931637405872536,0.02948172917574633,0.033691383731477544,0.032043501515173246,0.030843894622563362,0.03399676766679877,0.03504841086312044,0.027416632373837985,0.0355938999185587,0.026532898222416522,0.02516814609544374,0.029901379984793242,0.029848044569519356,0.03272051041409925,0.02783952002371661,0.030992659596231414,0.029126818955529033,0.030485475667802454,0.037378190585180306,0.031091966456265486,0.034396168684084225,0.02877339942594028,0.03384743697222988,0.054998437751144116,0.03436863584366794,0.06940672432252214,0.041162739394617565
0.03334971935239176,0.04023948769877538,0.03973839060498686,0.028933377784838087,0.033433197936133,0.03155228497649546,0.03138521483281856,0.03327915996724449,0.03494556634319527,0.02684438335770989,0.03672114563834049,0.025507016908988572,0.02498497007344805,0.03001821758149508,0.030039024822462613,0.032849041643828306,0.02824150056931519,0.030827942640071104,0.02952263386558019,0.030159383416963243,0.03742405851328597,0.03161611095258783,0.03432894883224056,0.02844682067049359,0.03493292626147614,0.05608312843102705,0.035460169549588604,0.06760070116176416,0.04153547561245449
0.032776880610688064,0.04090334374885129,0.03947255877148486,0.029445287078613776,0.032706883292362106,0.032128832026626475,0.030404296171790017,0.03415072849877705,0.035518005494497504,0.026757386452294092,0.03525029067184325,0.026064070641160987,0.02601860138343447,0.029451271965498533,0.030032488094741683,0.033046088515899893,0.02916860632588151,0.03067083902266384,0.029072864198155683,0.029817654939324915,0.03748762475343751,0.03093399983608832,0.03456250819930303,0.029518568858941264,0.034524786592402386,0.05576136310327976,0.03476300620189761,0.0673111504421509,0.04228001410790925
0.032938938855632524,0.04094622208479363,0.039253512966438614,0.029326935393074648,0.032771301547859205,0.032462022222252584,0.030882441693148223,0.03356010045180711,0.03523063575001878,0.027050037441324126,0.03486374227076951,0.026319993614846483,0.02554113808530873,0.029990167001876133,0.030159611671940756,0.03220430835618694,0.027778573779309,0.03027063269109721,0.02838710909405694,0.03087881634917433,0.03703123111299932,0.03212025346313881,0.03445439700843418,0.029912563090833788,0.03462972567854268,0.055332134877336146,0.03461263634110952,0.06945568946166063,0.04163512764502951
0.03304724528856245,0.040171156210310935,0.0397616475736837,0.02930379023862324,0.033472575014320244,0.03214089313788594,0.031011717929704346,0.03350438214528798,0.03625184301236736,0.026559745903806737,0.03501160307909895,0.025889270198644277,0.025263958713549167,0.029256158437836556,0.029772644999046284,0.032678376118895285,0.027928468086833653,0.03182322589107086,0.029571243249446755,0.03043994452035253,0.03649445880487264,0.03245996444325003,0.03499061005875071,0.028418834286141236,0.034044375150632175,0.05565176638325894,0.034399621624295836,0.06878187987061876,0.0418985996288525
0.032658600457836306,0.04051206344388588,0.03903111646932174,0.029136129254360606,0.03291164477178019,0.031654102230261216,0.03182722098360039,0.03375158081924717,0.03497388921006849,0.026814835175667406,0.03589348828798013,0.026307295414547897,0.0256299855045736,0.030242329821742225,0.030178946088787996,0.03292540247809868,0.028181949114231636,0.030693039684367214,0.0283764496596757,0.029699632722281172,0.03823014231762599,0.03155668497176932,0.034555833641795805,0.029422068861697993,0.03493903191933772,0.055713164513311056,0.03510050591556926,0.06784051884994824,0.04124234741662898
0.03317004004021881,0.04017598511861287,0.03857892211974997,0.029884710386851383,0.034009293371269,0.03179453477120192,0.031669317459509974,0.03365273326416858,0.03521439503641664,0.026283860347915744,0.03615544063978834,0.026480480603755574,0.025038507463608382,0.029145839921403783,0.02996884159792073,0.03285263734693721,0.02839099272867509,0.030903019897394086,0.029795480656452,0.03087783314302368,0.0371561759717669,0.031190787535135035,0.034537320293726734,0.029078182407469982,0.03418040720704238,0.055345836250402805,0.034704569797614784,0.06801268961477169,0.04175116500719599
0.032369834554774754,0.03987331213287112,0.03858042493470779,0.029306613793425966,0.03309472911884806,0.03220935785413692,0.030968024306487513,0.03448398942882614,0.034879068261532455,0.02693805786191065,0.035647523114433,0.02579898273919238,0.025947829853036473,0.030216666714737734,0.030880918359105624,0.03170362483703225,0.027885614072265037,0.03045911424264322,0.029429057949410652,0.030100904802897593,0.03757838117463845,0.032056737852414655,0.03467776815949822,0.030259575262222733,0.03476316827113504,0.05634175366717252,0.034389879247614746,0.06759829787249824,0.041560789560530095
0.033501412067313455,0.040094617562077994,0.03936809265517495,0.02881441744924158,0.033908835262755635,0.03177167274988586,0.030918828491138008,0.03354966668565131,0.03464442393485947,0.02657181868381555,0.03621595750127987,0.025733997102738344,0.026580678809718296,0.02959880038928468,0.03007843850810622,0.03269125661343339,0.027760074000630037,0.031523349272551626,0.028507523883845653,0.031154246257180402,0.037365969623897564,0.03164106549111523,0.03440498964926266,0.029134894349925694,0.03442319438198564,0.055504062217524484,0.03486072387944731,0.06778434964969235,0.041892642876466726
0.03400402320835909,0.03995006593707232,0.038202952590050285,0.028902391049583524,0.03351389807668087,0.03166664649261532,0.03165310333999092,0.0347331590527812,0.03445111669432107,0.027458855825812388,0.03620022047807478,0.026453702727410777,0.024781191460257167,0.030138243424627432,0.030242458059641854,0.031936693564752525,0.02775948225938769,0.03038453840200474,0.028255431386314356,0.031025223890125842,0.03805849709888809,0.031403431920736684,0.03502168829088355,0.0295474400965198,0.0338059414629784,0.05500898585168314,0.03528777700782706,0.0686286917870016,0.04152414856361756
0.03274663330663231,0.04014393564245765,0.03986615317340355,0.02855079031197909,0.03333441512497385,0.03165093776365405,0.030758259209117716,0.033561362212934924,0.03499456789118606,0.026259724999643685,0.035568847046619056,0.026156732161195843,0.025508014954748047,0.0296667937162542,0.030542044082284968,0.03220850899000162,0.02814487893182883,0.03050389508958513,0.02953663627676158,0.029935064010979163,0.03744965363400082,0.03174113246123554,0.03541824240086081,0.029591481659361353,0.033493412768673056,0.05737085248541228,0.035060795439723,0.06916116878990339,0.04107506546458841
0.032997727768076454,0.040333335554345415,0.03809313286006801,0.029203563589009707,0.033056317632532486,0.0318484653655347,0.03090090823580364,0.03405214938230219,0.036124235623759646,0.02692513905315506,0.036337468724637986,0.025354336648899984,0.02559303851706899,0.030042849200708842,0.030474580021910447,0.03326436190068237,0.02828824847722684,0.0307437514752271,0.029044794587264423,0.030430480835769286,0.03739337311741736,0.032372760137701045,0.03535408731247443,0.028894796176330208,0.03413551361162986,0.054540188487904116,0.03418278107057042,0.06825176547447397,0.04176584915751512
0.03258959323289383,0.04041524716945558,0.03950865981628593,0.029746962670043085,0.03282116684723262,0.031747946041662686,0.03152807048998779,0.03388107843220813,0.036398104490475425,0.026618592849741347,0.03600130607676698,0.02667886465960435,0.0255943915086262,0.030391474354271142,0.030335248924594597,0.03292593247135652,0.028313070886984353,0.030212028649376964,0.029108439013187402,0.02986953422079045,0.036839297480407894,0.030847422422526805,0.03462157913591002,0.029431569491058397,0.033928881866998224,0.05387789204824657,0.03551355598014994,0.06829959438387903,0.0419544943852778
0.03303563431434475,0.040596963761997215,0.03927076865182509,0.02831560351564677,0.033625688919881366,0.03220432783307266,0.030499190647581914,0.03425703961824137,0.035138172612322806,0.02659755984783941,0.035663242765545,0.02599194286707741,0.02565227466318709,0.029860750602406432,0.02928859468903796,0.03252438770614978,0.028050157747299086,0.031279482212102305,0.02930747751643123,0.03065741948035856,0.03653420619903685,0.032041728920787174,0.03506792669629476,0.030009234431001612,0.03431453748977714,0.055926576456173535,0.03513756841458519,0.06764629807483734,0.04150524334515828
0.03357718455359239,0.04073384282817848,0.03886120791230735,0.029159256065268258,0.03339468218664661,0.032582710086091524,0.03180155554745463,0.03439292816939852,0.03541337716305428,0.027007830306535474,0.035822270587487916,0.02597984975966733,0.02525461051352746,0.029748630610062377,0.030170623563299047,0.032088940191934215,0.028299077329999346,0.03083443159790329,0.02866725086084404,0.029750279063738793,0.037531934466084195,0.032032785534852184,0.035069042282799744,0.029497317070140437,0.03390506009467183,0.05552626484824853,0.03469448518659698,0.06681423163834872,0.04138833998126605
0.03231078212901062,0.04063292603107181,0.039428885956596396,0.02914717938119593,0.0338778077049489,0.03188556324663791,0.030843228159982177,0.03400236053402868,0.034221200925051,0.026971813913441983,0.03644045674761883,0.025506652806716677,0.02565626451187422,0.030291373761837066,0.030307637978766632,0.032487298860273565,0.02782291903884205,0.031200836708141277,0.028784252306136494,0.03025155935653532,0.03720045796979895,0.03131801492155935,0.03548666601126822,0.029601566164083833,0.034217468671016514,0.0547846133126786,0.03474273726366717,0.06858436444930412,0.04199311117791576
0.03301557827540316,0.04149001882414309,0.038506572670676045,0.02880321803874779,0.03352869150265292,0.03245586022996641,0.03071297277611626,0.033857720808326455,0.03451949204614306,0.026848549056658576,0.03559093350489867,0.026796689020457242,0.025589625395856696,0.030048446154443676,0.029724944129154406,0.032059303686915744,0.027888412202053903,0.030973411226331755,0.029269804374663245,0.03013958809754893,0.03733678472317364,0.030956155016179033,0.035450968372820475,0.028742244778173942,0.03495587856891053,0.056359527106269534,0.03467905096782677,0.06795447966218582,0.0417450787833023
0.033252822002889114,0.040094823753953505,0.03907446519584874,0.029149762116051837,0.03327241971742735,0.03205829608927062,0.03102209644612629,0.0337582803232933,0.035968607091097476,0.026398341523368514,0.03476839828550553,0.026223691968602986,0.025544650105338046,0.030023366170296696,0.030433377496342662,0.03320559846089777,0.02832121422084019,0.029391256676330357,0.02901032902732112,0.029732432624908302,0.037323563893446654,0.031528229605844074,0.03525473786159536,0.02969199774148893,0.0343357954086646,0.05600628893270071,0.03514264867077717,0.06797786132125042,0.042034647268521755
0.033538288288443165,0.040813295464224304,0.03967868955662755,0.029300750662417142,0.03347043451751387,0.031921385992035825,0.03053858020905633,0.03376431483950478,0.03542746310598914,0.02629854508188199,0.03508826630903168,0.026092569073807047,0.02554870738103125,0.030711192326968322,0.031219957598616038,0.03189250106512464,0.028069481048453117,0.030676376445486202,0.02862951355502565,0.029391426917250264,0.03693299587106612,0.03180423246233008,0.034881678629816656,0.029390727511923537,0.03467141129067861,0.05588767795473164,0.035304133139060216,0.06770620198502313,0.041349201716881674
0.03280595102181424,0.04042680412985737,0.039100991287515374,0.028801421515440694,0.03301763895790855,0.03104932558220831,0.031101394536469856,0.03267378684086879,0.035783650586502,0.02640243421108056,0.035806477019766955,0.025669316973143775,0.026197481731042006,0.030465505379332736,0.029875567567946338,0.03244995932180718,0.02749578049638035,0.030674539615974467,0.029589316220806787,0.030222341300368393,0.037438976978485375,0.03197395575583312,0.03541765921081544,0.029359767048729068,0.034939012135416926,0.05521471827085117,0.03529153320847127,0.06865082269716913,0.042103870397993806
0.03365195241333786,0.03978769341605591,0.0390443596767478,0.029521348632518207,0.033477213716867495,0.03165441054349517,0.0312924562084248,0.03369881434803444,0.03451416462887546,0.02675999938886232,0.036027208387952946,0.026332805579456914,0.025644439284045174,0.030054801743006808,0.03035026494163645,0.03206704007392691,0.02800988117351517,0.03050970348933798,0.028985858132651136,0.029878767951110406,0.03716109857481416,0.031912277009993106,0.03506336000364051,0.029105021364004103,0.03476180325311839,0.05561449110660954,0.03444265736017701,0.06845923760363674,0.04221686999414701
0.034067334394590656,0.04025704074021632,0.03903929105097906,0.029233240321271614,0.033642628625529955,0.031733728883578054,0.03084825844697362,0.033060436186248224,0.035637878865254255,0.026534220238164253,0.03596647899761441,0.02663087162650119,0.025486281392357056,0.03035694794702698,0.030588214919450372,0.03226612740554623,0.027999784492109825,0.030663587325418427,0.02938496617191182,0.030610512129110045,0.03826943098862538,0.031116769885212513,0.03499490349449713,0.029667920554374616,0.03355598826592749,0.054616152442683384,0.03517081434236948,0.06799610414940374,0.04060408571705392
0.033964684474960934,0.04008874534637815,0.03876904812108952,0.029256927259298026,0.03379887878589387,0.03161067061516202,0.03111015302107308,0.03321003954036602,0.03562897536214792,0.027144873513706463,0.03620383830537342,0.026049164195981318,0.025811259932423593,0.02971703812370648,0.03066558067677297,0.03223764129420687,0.02766388696025244,0.030616657498523492,0.028855020328563567,0.030173088281955262,0.03765711828463906,0.03130118345621502,0.034192640924048154,0.0297548811025377,0.03476286645234447,0.05564484988264765,0.034783267958771694,0.06802570581744935,0.041301314483511514
0.03375621224312453,0.04042225544342358,0.03812741514906533,0.02914397723016627,0.033751528773898996,0.03211689673700572,0.030663946079012145,0.0331316131351871,0.0348381958329027,0.027252451838738746,0.03642475512329239,0.02692692454231333,0.02548718976638592,0.030199994655811635,0.030076673886365056,0.032584536484422486,0.028493096023109687,0.03177252601222982,0.028841560513614854,0.03011593733956308,0.0369490276553264,0.031116972657619403,0.0349516496654819,0.028538297794127598,0.034143924934509615,0.05620891464650973,0.034230827048720075,0.06750543044456672,0.04222726834350519
0.032824633103311934,0.03907487953947118,0.03941289322105352,0.02986284119766574,0.03376585040409432,0.03249646375100186,0.03157509136229643,0.032669025277743693,0.035194848257306566,0.02702814369777397,0.03562499190871288,0.025509054467363308,0.025463657182936705,0.029912579722633177,0.030132551175635756,0.03244193538734543,0.02802983541097559,0.0310362723976923,0.029177701913478755,0.030217497359251177,0.03775732301424094,0.03197761662578611,0.034374296700513576,0.029619332174712392,0.03359953661560078,0.05664585496029536,0.03501646390397898,0.06772762625880718,0.041831203008320425
0.032614643395157586,0.040655937150810305,0.03880512411786465,0.02942612475030095,0.032632498908498744,0.03184931054203916,0.03133473360956571,0.034527045459998615,0.034638367424295435,0.026735807328786394,0.03572642727300889,0.026131485583700126,0.025893625550079218,0.03031888549136591,0.030499616392469016,0.03313207095065292,0.028133137187564616,0.031037002902408378,0.02846061578921514,0.03027524348497614,0.03733084248559525,0.03125447109536406,0.034696685421318436,0.029623281540808122,0.034702389145000435,0.05513619880883504,0.034258553409069505,0.06861481197195538,0.04155506282929595
0.03299325513350491,0.04050454324479206,0.03977915765286925,0.02930956107047794,0.03279991931995186,0.03235159959156204,0.031269231120087615,0.03413233324257395,0.03565839466612916,0.026929254737197882,0.03568697287819744,0.026564043737117,0.02564366822893933,0.03009440985943962,0.02992897361686736,0.03281485594710524,0.02759281391475783,0.030929716896890315,0.028773119870420073,0.030038287682849628,0.03666171964477742,0.03151062170238974,0.035066131727265124,0.029764132635218276,0.03390667524877449,0.05475122843085639,0.03445901151233903,0.06777156309169995,0.042314803594949116
0.03346371639538644,0.040666724175696715,0.039473100120062554,0.02997802579704522,0.03340398458060945,0.03200483280200474,0.03083720053636929,0.033471237329476745,0.03552931134366795,0.026307202036437095,0.0352085204154632,0.02579698354984038,0.025718574663713765,0.02995965726428969,0.030480358373804407,0.032838743747848585,0.02773295084109457,0.03037328743288009,0.02969823379021721,0.0305492865338172,0.03772400367138378,0.03215626419897877,0.03513433793025929,0.028328955673292737,0.03353935626443755,0.05583101108631855,0.03440121120600117,0.0672200898971845,0.042172838342418355
0.0327893680666135,0.04047780866607811,0.0388053739448384,0.029722417508217535,0.033385073959118425,0.031792403911448164,0.03116378438092688,0.03303453575239858,0.03466162357506869,0.02700649156964009,0.03543342572508209,0.026127011229958513,0.02505414781710246,0.03047873368437231,0.030628824983573118,0.03204617197145737,0.028589614543873494,0.031454836682856896,0.029364526178292955,0.030015335101932456,0.03718679758500028,0.03155873994867407,0.034623911544836114,0.029565741607860768,0.034288153202656414,0.05577035921033865,0.035027050788002154,0.0680250256498663,0.04192271120991524
0.033390153101784344,0.040162731885828036,0.039395582589497526,0.029437655102695276,0.033303495675537996,0.03162551299449749,0.03176101332706583,0.03329967515024458,0.035423555002107074,0.026462892155983204,0.036035752752072006,0.02656124711359903,0.025732378903793568,0.030069802058038463,0.030003122268765725,0.03181064644481184,0.027880924611340764,0.03013192523199055,0.029074423511748902,0.030657529443159737,0.036971945034928365,0.03251384379232978,0.03450841436186418,0.02952029613231418,0.034157864234853855,0.05609207313641331,0.034789155721257556,0.06740412649439115,0.04182226176708571
0.03326016239369471,0.04003401304901753,0.03943199279110486,0.02825932671408373,0.033460965011154746,0.03157871828432306,0.03145298680708265,0.033199499603571235,0.03531622291374238,0.02673992280293478,0.03587817729417831,0.025254395269797288,0.02602671232926737,0.030048431243785555,0.0300760493738379,0.03331302705199188,0.027307521432871473,0.03141000823430534,0.029529185188556083,0.030144196398295332,0.03771490914657624,0.032134496147823,0.035472961938097944,0.029442959483758923,0.03406161149086655,0.05620252071218235,0.03439657191516773,0.06841983211692097,0.040432622861010035
0.03355809349804818,0.04024191938884556,0.03924747605379033,0.02900930399506153,0.032774496820660116,0.032123638458152214,0.030500078532808266,0.03325326555093383,0.035556118126001623,0.027069099134942303,0.03549242863106809,0.025999509832755507,0.025507600841037294,0.03071592509242896,0.03028518071535837,0.03251451167614918,0.0283331000641056,0.03072195323105877,0.028256415948241315,0.030447697595422436,0.03729641332216207,0.032261475092160916,0.03542843635453208,0.02921771972845718,0.03460577025643501,0.05470510982528191,0.03442675889001012,0.06832626872275951,0.042124234621331726
0.03285764840817618,0.0402513499016815,0.03977748855656154,0.028525223949353612,0.03330105320610514,0.03237728277781183,0.03131697320450786,0.033698438726026264,0.035351254302039635,0.02624322122140881,0.03607340623247144,0.026645584214905055,0.02551391764679244,0.03036636366666453,0.030576245037327938,0.03216035162450519,0.02810500020095506,0.031046545982506835,0.02932956355281608,0.030211877516692347,0.03756666491160839,0.03134512956574955,0.034269147272332594,0.029053455665077315,0.03350790913437037,0.05458353681044994,0.03466457827009226,0.06929026064914284,0.041990527791867314
0.033142563342079344,0.04083827746149113,0.03955791252692898,0.029428670119690414,0.0327821535869514,0.03217756860049694,0.030886663141081593,0.03328473775944407,0.03554223914039578,0.026610064891142676,0.035231622977310764,0.026164012952407896,0.025977022650738573,0.029717129465348276,0.030078070593440864,0.03247282748563254,0.028238157744711518,0.03062172703865646,0.029500463959841378,0.03017021047848161,0.03689753643761518,0.03123803112319724,0.03494224670399991,0.029362767499129017,0.03456972169599953,0.05566028363721861,0.034743307315630544,0.06791383578519528,0.04225017388574246
0.033203434322875446,0.04050479291525684,0.03976661586535986,0.028880452194546602,0.032831579993950505,0.03194859132123655,0.0315991354230324,0.03387166275512795,0.03557942231852592,0.025889452830031096,0.03579705870785895,0.025605154366091547,0.024938438648820192,0.029771358516092826,0.030125587637106495,0.03244900915403233,0.02806416247726577,0.03102904680119057,0.02911866664767116,0.02995330293798833,0.03751478562524284,0.031817098029491786,0.034723149398302636,0.02946990918561383,0.0344188029470923,0.056393977715346086,0.035304508123226094,0.0683563611268398,0.041074482014783406
0.03265473289176714,0.04014557876185322,0.03834469357785582,0.029306433941827553,0.032898451099153014,0.03163955292654053,0.030231215662385937,0.03317109829328704,0.03526199282960284,0.02634003126874886,0.036651209664762985,0.02671670831032808,0.025866465772506363,0.030048646833523436,0.030394412505523327,0.032869102866278255,0.02807072256152903,0.030770665800916402,0.02930939587965508,0.0306914996383374,0.038560978765609495,0.03207530529653356,0.03434005566501246,0.02893935477323823,0.034199670848116606,0.05574313900423762,0.03445586613057292,0.06887301390410447,0.04143000452619226
0.03372655575176245,0.04098686944523741,0.03868692342029063,0.02912393801209811,0.033775264157012236,0.031029186360235727,0.031226492914537284,0.03289032070659933,0.03487246155366584,0.026866587507979923,0.03670943550737366,0.025562403787845467,0.026245654395815405,0.03035389774922248,0.030018006754365383,0.03257233901438396,0.02828286361442035,0.030517618769893416,0.028697017883514808,0.030647021297964434,0.03703676601907444,0.03139096130258699,0.03432882876578396,0.029198594707741738,0.034279137817139024,0.056129353866806245,0.03466646221197822,0.06797615923683864,0.04220287746783251
0.032847106769587325,0.04133444588643383,0.038956541715850244,0.02993727480879769,0.032942624184483536,0.031905599272839445,0.030554200209135053,0.03366828060627551,0.03507374319917909,0.027213723557512587,0.03632330035147797,0.02562643242465159,0.02560565814078287,0.029543562805787148,0.030590117114882583,0.032799124615587,0.027053307220669433,0.03045616283971736,0.029742171807334183,0.030325940610577286,0.0370314351959791,0.03160735825428253,0.034365273570317115,0.02881810188322518,0.03522089045294526,0.05482558439200946,0.03491834587937604,0.06910435589114508,0.04160933633915846
0.033376157304057005,0.04104584298499746,0.03891992957319133,0.029224767781416982,0.03256526861557363,0.032197771731239465,0.031295801780052326,0.032900606157639525,0.03439094240279324,0.026858614669349273,0.035621958507117774,0.025791354605635614,0.02579958029271403,0.029736504318619496,0.030751848787469022,0.03320352611536786,0.028328521138383723,0.031101563466889987,0.02849648008198282,0.029691637471853893,0.0366174333144141,0.03177923464496305,0.035097798000740615,0.02927806964539926,0.03504670414990059,0.0560922688080275,0.03503761694578924,0.06791102903947818,0.04184116766494303
0.03325554429610672,0.04045873254700717,0.03890362581593595,0.028860608806892302,0.0332113829385154,0.03251066557679129,0.030571310415397835,0.03405015825226184,0.03500569914166162,0.02715229554284481,0.03603884578230161,0.025753577628467576,0.02534004895182993,0.030078308245069286,0.030626086732139686,0.03273588614027789,0.028557012315647168,0.03105351821308362,0.029482140410688678,0.030153037358013068,0.03728867052026172,0.03028801889404758,0.03507282434946655,0.028842513328495124,0.034402107687363556,0.05679062141167498,0.03461675926775375,0.06717435046221458,0.04172564896778871
0.03314325630730477,0.04051167653271684,0.04007154349129023,0.02922285690064479,0.03288494574082536,0.03231471765633701,0.0305157688549882,0.03404429234999999,0.03516692429903927,0.02753355929455594,0.036375605073563175,0.025464185013586188,0.02512539254910772,0.030142715645847966,0.03055995826802909,0.032031110299615015,0.02759285380232695,0.031032487744114833,0.029007891803469764,0.0299112936279023,0.037544285507134414,0.031605309184652805,0.0341440286108304,0.029557806362659478,0.03460947794364024,0.055690471782755324,0.03455786212985208,0.06802678238820135,0.04161094083500857
0.03337511216312697,0.03994071560843203,0.03833373482018391,0.029724152225588385,0.034850799437030164,0.03231041988688035,0.030383424971664574,0.033460828032398804,0.034058482072579874,0.027068103398591715,0.03639108901349553,0.02612568356564407,0.02548525059895355,0.030268902477086218,0.030144336046730207,0.03294195617775232,0.028308472810727386,0.030789372009775818,0.0293580769432051,0.02993530623218748,0.037230794768710836,0.031576221625984655,0.034701001099769826,0.029702995719650887,0.034233575047592585,0.05399396074360572,0.03479229051802738,0.06779729022338359,0.04271765176124005
0.03284682436822985,0.04049675452905967,0.039105200326867276,0.02939931166190891,0.03359334411826663,0.031212558170036615,0.03111219651805317,0.034363586949591005,0.03498040212414363,0.02725027582761715,0.03667288318339528,0.02604382965049059,0.02565488249192082,0.029211940917083512,0.030538905491014057,0.032855195591610986,0.02802095028532679,0.0306822289776554,0.029248761385977328,0.02934355632137627,0.03699600480133589,0.03112295199785133,0.0345155048091505,0.030022252028614853,0.033701140089819184,0.05561724141930598,0.03475370359518866,0.06934735371011921,0.04129025865898944
0.03317418716999568,0.040583020961666015,0.0399745761204614,0.02901618811920421,0.033173087990614886,0.032223957048217546,0.030891696028240566,0.03336454664272373,0.035206181581368595,0.02685827688409783,0.03578215062091138,0.025808333916923953,0.02554023085236166,0.02983739169421657,0.03023756209969211,0.032822734869476775,0.028633909116577778,0.030889773130997084,0.028719602716015202,0.030313639553110734,0.03777591657826981,0.03216155900344736,0.03512335611962955,0.028862860329245232,0.034039031968454814,0.05563975753536925,0.03414777996966424,0.06753281015528631,0.04166588122375979
0.03245326283397219,0.04008409082663625,0.0393701151807351,0.029497715992510797,0.03349343893787148,0.03153991888723874,0.03127332301166822,0.033589510119448954,0.03547726308258772,0.027286583218991987,0.03576164677007346,0.02554694797330954,0.026017178851819495,0.02968691206934686,0.030191240320386233,0.0329394110580136,0.028313611678195773,0.03079717301127139,0.0292989646305979,0.030223519055349767,0.03706774100385722,0.031488385556032956,0.03458525672241987,0.028908222414385305,0.03445939670175686,0.05484046839586874,0.035481213543616406,0.06885422669091054,0.04147326146112666
0.03355747659968593,0.03987276335229013,0.03947891178258602,0.029531555087950717,0.033758677480568065,0.031548088376406845,0.03175349129971421,0.03380571067182027,0.03533775551802866,0.02624433864317171,0.034728969587943984,0.026592225276747407,0.025664007861902944,0.029326323633756805,0.030769955733450993,0.03193909491031366,0.028380818038528915,0.030614199706424865,0.02925031819212632,0.03051613502602265,0.03767555643484625,0.0321923465653763,0.03515585230088965,0.028360781287334148,0.034128930712254264,0.056519669337581444,0.03398468566373067,0.06749623434865343,0.04181512656989276
0.032864685985663264,0.04076176973128989,0.03837908233701419,0.02890593899699474,0.03290839442319611,0.03210577664983346,0.03083975825042745,0.033338354920196454,0.035038392095352824,0.02731415383294014,0.035577983812840004,0.0256107520367203,0.025885174376254528,0.02963064555401599,0.03086773848136589,0.03269933606459168,0.02768463041366472,0.03037098001552646,0.02928187960009107,0.030208833025156444,0.037610836104072995,0.031979931072829586,0.03572177456793977,0.028882151707990245,0.034303845340557464,0.05622569089655473,0.034930496645625544,0.06834062116883503,0.041730391892459015
0.03379799868099298,0.040603442991744745,0.03851623359707261,0.028464638431685278,0.0335467484472657,0.03129496123971067,0.031219191357677645,0.03407899402082124,0.03498986187968743,0.026838036496017535,0.03611967654646279,0.0267598266492348,0.02539596275830196,0.03126699853360975,0.02996082558861392,0.032785816968599495,0.027792043631376696,0.030588939459298237,0.02908278844305594,0.03082468842282986,0.03767237454767034,0.031854835397409666,0.034708215020699214,0.02930201149818259,0.03406481067560189,0.05543237423167918,0.03459879165167878,0.06737601011033688,0.04106290272268229
