wSMI_1,wSMI_2,wSMI_4,wSMI_8,p_e_1,p_e_2,p_e_4,p_e_8,k,se,msf,sef90,sef95,b,b_n,g,g_n,ft,ft_n,t,t_n,d,d_n,a_n,a,CNV,P1,P3a,P3b
0.04036298168358797,0.03788706880544305,0.04166808053572825,0.0352994299684674,0.03089933382530078,0.03146420037036811,0.03089561608553886,0.03154466163972017,0.03198865482197588,0.0329276116027224,0.03296283049862646,0.027664366513473843,0.028376281558544724,0.035302767070852274,0.035415546875624274,0.03782570416436416,0.03017900024006818,0.03538179534650786,0.03936991464397767,0.028282861561070405,0.03885510711971881,0.03066340067524511,0.035913084942318436,0.0346604263920832,0.03900968919409829,0.035376390379492736,0.03651293468513208,0.038338728857155745,0.0349715299427929
0.03218401556587079,0.03453905405408493,0.04192869075724957,0.0370962572261449,0.031417755324165755,0.031429937541962306,0.03180557558090295,0.033749047101689786,0.032143287911191074,0.029676919894322938,0.03136750091287393,0.028102165404920092,0.02951856918237399,0.03590688068585516,0.03029026127005288,0.03775408963057025,0.02949945358993148,0.039567519957037764,0.042218346301163764,0.03391314949643448,0.03850780411394723,0.031685333132953394,0.03513887282450429,0.03688981894395839,0.038269272029591496,0.033778936488937636,0.034512001458960065,0.03682575594385444,0.040283727674494264
0.03617393781715971,0.03586406207948302,0.0373474269400112,0.03590710076159002,0.03169305390285792,0.031417853898442406,0.03208183315659854,0.03799870717201355,0.03085770253288451,0.03125899100192571,0.031851995013312845,0.030395376433741527,0.02865573022230486,0.034799683272461274,0.03237706246853585,0.04308619159620954,0.03142695996706571,0.04131115220317878,0.03971971134940233,0.032056868204738895,0.035995817373563346,0.03071102842387049,0.029289866305346024,0.0371181608694239,0.03647936156574203,0.037405003820078386,0.036999105032826676,0.03441081954235337,0.03530943707287763
0.0418213442475857,0.03898472504224878,0.04547250977972059,0.029718389644206433,0.030323461622761526,0.03179572763003661,0.031670373995329903,0.03507140417177248,0.02961396265379813,0.032989989182341174,0.03335217639384157,0.03125844530447028,0.03140112561795373,0.034496272341648274,0.03211986588084143,0.03355411460435881,0.028665290137365563,0.040437632498572344,0.04044959841087864,0.031543291800662315,0.031203319888552516,0.030129997372269235,0.03212092384473284,0.029566191883065925,0.04194880269831078,0.03471983819740897,0.03855206017714792,0.03514723247745285,0.0418719325006647
0.03448896242239237,0.03801313423695751,0.04134520611996308,0.03167429455658551,0.035068372178317174,0.03449173846550012,0.03273398162812001,0.03301093800966456,0.03357291080376294,0.029425815319528037,0.032091806855933845,0.03208450836581772,0.029691085348434586,0.040385713362710914,0.0320347449774772,0.0331660843668638,0.029418560237425208,0.039508791963992165,0.037150216094851744,0.029411446368182624,0.03542441547370669,0.02945950496474085,0.034978591018889726,0.03233362632156574,0.04127960500943502,0.03587934230267907,0.03839240894946853,0.038994083606844296,0.03449011067018899
0.03895945337900634,0.04038510367267485,0.03594202865734998,0.0369913879255737,0.030100789581651476,0.03014772008033152,0.030295650776112536,0.035751722010009215,0.03113648708761805,0.02820117878291385,0.03043750747448005,0.029552310594415803,0.029686547566402127,0.0387204765014401,0.02938735775690805,0.03912329117862371,0.030762879378007806,0.04259312902963496,0.036459066831220285,0.027812652149917055,0.03178141236083017,0.030396075729478177,0.034574396456315035,0.03668892258680255,0.039392347320431925,0.03631274856996257,0.038346767095875436,0.03691190756354027,0.04314868190247247
0.03522850538688198,0.03931562574682047,0.04198165853420707,0.03937257423864916,0.030077871926902394,0.03027241791496621,0.033388727251754846,0.03151546741905903,0.03045547939328891,0.027141756519071088,0.030456040494663317,0.028302940903230545,0.028413071569533273,0.03920617739522202,0.03086579969093704,0.03618011782813561,0.03056341148265298,0.036660183827905805,0.041184645745721275,0.03202841425345314,0.03917489749187164,0.029939696125446873,0.029768992357224945,0.04064065074270682,0.03977338861195347,0.041041636744121104,0.03374990280926423,0.03482209816235886,0.03847784943199591
0.034573106829866494,0.0358535157079065,0.03351785271484423,0.03288966023099482,0.035595338884617446,0.033393501881576304,0.031878766685596936,0.031225545703047818,0.03172315952731059,0.029654731108221623,0.03183607178246282,0.02897403657288994,0.02959779645244735,0.03399720346922402,0.031132763778879063,0.03441987037225104,0.03206916379833364,0.03981462658483031,0.04328165043800554,0.02924082737960528,0.03590269118137704,0.03146896085629221,0.03394434249882354,0.03226794861730103,0.037250228593068944,0.03617827589744331,0.04185535797521134,0.037156900910816824,0.04930610356675402
0.037504494394507905,0.03826394624407074,0.040674771291265746,0.03701301531256451,0.03198768043649726,0.03174150670492594,0.03021315203508617,0.030810408419305064,0.03193113914357694,0.02741664335140883,0.029446762435677877,0.029911731715378746,0.027974740837036494,0.03331904180468086,0.028496577094636377,0.03804079801471875,0.029847432765773212,0.04030503525479133,0.04289382101886996,0.02783829098760267,0.03519940706757151,0.02827045281933086,0.032191309053111745,0.03632171817029911,0.04150627828597506,0.032046921230325945,0.04360848624262015,0.04159741019819697,0.04362702767019318
0.03655251424828413,0.03942283958903189,0.036400906394868086,0.036220451126134534,0.030168469726089532,0.03074518306488761,0.031204881100795823,0.0332480871799022,0.032896389345662046,0.028640512951931547,0.030720328144809645,0.030033038447706155,0.033323768282477184,0.03491317037890097,0.030508743319842768,0.04156335843089838,0.032137472185120516,0.03592588316170049,0.0371340680665404,0.028723156863753117,0.0343695106044599,0.02856439898471159,0.033309938372585834,0.03613070337145363,0.042947964961403795,0.03972900597776565,0.03657447270775214,0.04071234482219198,0.03717843818833842
0.03549737038857567,0.03587750845952546,0.043751665499436564,0.03587973805479456,0.03153803381743723,0.02914663931689578,0.02910138752526123,0.03409335381229744,0.03127560730947586,0.03055824730685211,0.03368140637062077,0.028581328591299582,0.029297795604910665,0.033684755879444014,0.035295551358395114,0.03309862770904838,0.02911335548559014,0.038762332790182055,0.03852964725991255,0.035531737402003064,0.03846571456635907,0.030195578225235754,0.031075834778019763,0.03484586093197754,0.0412623942867972,0.03749128861494626,0.037405437388188044,0.03420585745255216,0.042755943813965955
0.03884495024571522,0.0371965401201592,0.03729907160212983,0.037819634341440825,0.03701195632429107,0.032965410393218236,0.032205834694367316,0.03379535903089341,0.0273783910741718,0.03060657915795716,0.030685317925600676,0.029801772665057458,0.030400845730456715,0.03271660503542823,0.029421893474260906,0.03690453777357142,0.03626681076049159,0.037622498166719545,0.03691737959636417,0.030813032457678864,0.036198296864411894,0.029621477292214114,0.02820339428050927,0.0384433377803051,0.03221206150939939,0.03583271668844215,0.04504057320871373,0.037864978171806604,0.03990874363422416
0.036587370096098956,0.03577688490500519,0.03623861581516001,0.03864605671370567,0.0341079833696053,0.034642481245160964,0.03383775565767538,0.03340510872607727,0.032080765807135,0.031869109797065726,0.032919350794673716,0.029269277733217247,0.032033436125842044,0.035487571991489344,0.03282853415784618,0.038471417958122034,0.0309116267404561,0.03561017543092827,0.039010245803676354,0.028891840255526807,0.03488439814688724,0.028873819793353794,0.03376312267921728,0.03884538345516369,0.032856075356732725,0.03742067087637769,0.038293986505315014,0.03447475999732102,0.037962174065164035
0.037427575769703084,0.035840605043369986,0.04351563297373534,0.03513446660900967,0.0388516166761254,0.040960461845955407,0.03413490366797704,0.033315097328636634,0.032338524007018775,0.028227545437659568,0.029861435014035535,0.02957327871724086,0.027377620262898705,0.03340254228458469,0.03059114924406501,0.038438199202648925,0.028743740053018118,0.039005101797394456,0.0380729518381955,0.02937007955823029,0.037040883482162834,0.029913812501198782,0.03372505739908522,0.03659638476944984,0.03039088490393802,0.0373013412803509,0.03427587351093998,0.03531523603561909,0.04125799878575232
0.03503986293490484,0.03632321318304133,0.03940193065785891,0.03283366795118122,0.032748637076147856,0.03459593298831283,0.031949263070113657,0.03571439007805278,0.032308585545889085,0.03222561201468775,0.02973373968442532,0.030138559754196947,0.030481374128784017,0.03285225321666948,0.03381885296750804,0.03795122571231387,0.029777905948477512,0.03943497323848386,0.032964657168960694,0.03187707198862151,0.0388944892637217,0.031024065101932174,0.03157133704032292,0.033945877742925255,0.033365351197563,0.042450686277945474,0.03897621394735194,0.03939960217329034,0.03820066794631567
0.04086404223375571,0.042120875686465754,0.04028124052942589,0.03480192453162374,0.029705556488440088,0.03178022786295663,0.030991076374416664,0.032385441028619164,0.0328866652117898,0.030857883955147696,0.031059753718714972,0.03049130355725359,0.02798050713271515,0.033589454553605104,0.03224538786014125,0.03308638886256881,0.030790295782959658,0.03365847263835806,0.03619463958120033,0.029230802232141972,0.03671388930798354,0.030010541089501824,0.032629936036782714,0.03548411222313343,0.041485906331857836,0.03717912835320051,0.039973071873530795,0.04222480725502064,0.03929666770668862
0.03387026069325676,0.03522885074346983,0.04047830996250264,0.033063287054272965,0.03347225963078011,0.03407814096444232,0.03125418813010441,0.045614373683497,0.030012988785488876,0.029680872274235177,0.030939498348142053,0.032009321536068704,0.030730135968523344,0.032455623709874225,0.03139406305008258,0.03871945918986413,0.03244953562963178,0.03888400635733226,0.03624401162064042,0.03116018026640675,0.03538625365651118,0.03129118899856577,0.033465006104664484,0.03356615057721026,0.03927805648798456,0.03571975049970878,0.03353146910681383,0.033139746611800316,0.04288301035812453
0.03537811819044388,0.034492919463918845,0.03683897963168122,0.030106443534177435,0.033205520917858826,0.03197103481459538,0.033933749222391216,0.0378042684205336,0.033928735244175987,0.030001970624311914,0.032242671933536436,0.029128316081900345,0.030421122485519436,0.03828585268563265,0.03227118196286457,0.03825916747080515,0.032691530554759235,0.044379885247802016,0.04363822613865028,0.03212808689604796,0.036124196310097514,0.030328984275831805,0.03618690724569434,0.030649551430743393,0.036484214782109003,0.03269267597834267,0.03544413315815552,0.03598288229921224,0.03499867299820713
0.03507058444345625,0.0418815845473927,0.03536421795953184,0.03239871695220911,0.0330305368903953,0.031565544626596775,0.03559250476115077,0.03587715088078778,0.0324512765057622,0.0293210566993324,0.03238724181344162,0.030432371090546285,0.02795361119586461,0.038043090259346865,0.03141420581629382,0.03681781367829447,0.03228086204934719,0.038804965611660656,0.045687522548841585,0.03004437126519562,0.034858565635920546,0.02918292100908366,0.03776970132224687,0.03182743560486019,0.03425380887194589,0.03681977193384429,0.036667065192796,0.033553595916118256,0.03864790491773647
0.036018881637654945,0.03874747703559829,0.03723499622434635,0.03718809021531277,0.03314801318084482,0.032855230879940855,0.03072913154176593,0.03455142454441644,0.0315885955749133,0.028581094747810752,0.0300453123423547,0.029034076116407757,0.030585336023887476,0.039228198273532064,0.030118021023787373,0.03312626794243469,0.03282099045039751,0.03676648852575044,0.037097934837139385,0.031524110052359625,0.03645939385582307,0.02800147829162098,0.03007734513111889,0.036382005619148956,0.0338688754210705,0.03840533053483284,0.04185746950809942,0.04045632717557261,0.043502103292057254
0.03997362047350085,0.044219060723413806,0.03682816447684196,0.03663100342035661,0.032424500778356354,0.03350965468686903,0.031590180176845326,0.037140431811765254,0.032837739483641284,0.028135188043230668,0.03173280807804589,0.030047440301950296,0.030047921123714537,0.037597591335553376,0.030970623295006373,0.03674258577861259,0.031883175836429814,0.03169399831241158,0.03542266129242512,0.030230507667181668,0.03286719538080414,0.02983992157453378,0.03195297358140446,0.036952576018208935,0.03634135156667795,0.03256206966518492,0.036491232146266414,0.035322246777449176,0.04801157619331786
0.03344248026424625,0.03814544582443337,0.03957390660700616,0.0347335932852617,0.03228335636743487,0.03249405289700646,0.03398308260377267,0.033627772385990636,0.03358827622582177,0.03084550653652004,0.03130133926597274,0.030222001580971,0.031009624892523607,0.03761717395061766,0.031021276741942938,0.03626690140124166,0.031001190800252598,0.0376676287365334,0.03801020596639325,0.02916611479423977,0.03716358796996125,0.030559353109807313,0.0330272242496612,0.033187364930135244,0.04054888023890124,0.03668737367712596,0.039493716580343674,0.03587524961964168,0.03745631849623983
0.03247064162535381,0.0356260868390172,0.038096069892718076,0.035612163268448904,0.033935149608154594,0.03313841632432134,0.032943474320501286,0.033223734514771314,0.029895672109432225,0.026478144624225836,0.027634118412267112,0.028490294577005203,0.028899210201276275,0.038968316021288904,0.032716434508565984,0.03801943954527893,0.03086179488808688,0.043784786228566436,0.04299365365753348,0.029169282224507022,0.03592910874308288,0.027321127212038325,0.03147178026842305,0.0351631311385071,0.03800252167719319,0.03516321912413771,0.03641378100346304,0.037080126310686204,0.050498321131147716
0.03562225602928774,0.03827298303159959,0.041250364450251924,0.03319797043676155,0.032831708822579256,0.030045931596053222,0.03332597375065134,0.03554220457088497,0.03087370738659293,0.029560082737686188,0.03098762322382754,0.028381223892603856,0.028590431723433563,0.03473400176495589,0.029364866213915423,0.039994144588197125,0.02948404573221744,0.040306435893325915,0.04058186734471325,0.030631731205781155,0.035709576383311015,0.029440318103292583,0.03432476197739459,0.03333880730277875,0.04236656857410358,0.03724095202072686,0.035280149979951624,0.03534345927832323,0.043375851984798
0.03278592615158048,0.03963612503634279,0.03482505968997649,0.03852776482017968,0.03036251931137861,0.028694478721271816,0.030429860562202954,0.03156446468769884,0.0314314732643836,0.028212114219788566,0.032647641231468634,0.02991191351060165,0.030191695225745184,0.03785444363421681,0.031213503000262665,0.035127918879689524,0.03152454086785047,0.03745361687096158,0.038684569556626226,0.03404372887167638,0.040073172384544616,0.030331713742695866,0.03220988073232972,0.038675079189194786,0.03645805809052509,0.03530955894095698,0.04025198448625016,0.037076019679563685,0.0444911746400363
0.037395553939465066,0.044672806835141424,0.035786685432965946,0.032195129572859485,0.032044000087293835,0.03191743375676545,0.03243217105260206,0.03869437580207245,0.0320343382518408,0.030506077551761445,0.03400171068644738,0.03036683603216252,0.029233231090815104,0.03589069849092672,0.030502739816954873,0.032260947036213405,0.03315854953894842,0.03688234955374919,0.0405574572560398,0.03283909654066553,0.04123717643556087,0.03013981338892798,0.03160148659126021,0.03155540033234507,0.03459993661906478,0.038282097289632055,0.03677779850645601,0.038106987636804326,0.03432711487425777
0.03482431900727586,0.03457662565108556,0.04113022275085623,0.03654711518280809,0.03514465346182759,0.033514886728699206,0.03465630159497995,0.03396609027866239,0.030467309450097384,0.029702416770614786,0.03454797943091545,0.028138555956053933,0.02862659366709534,0.03495704884873159,0.029856516306108527,0.035037147510412175,0.02751384429656889,0.04316056679015816,0.04153895779274231,0.03306841240218221,0.03454575205185986,0.03307652426024167,0.0333878192288247,0.03640773595789037,0.0341374949179351,0.031690231078071944,0.040961948866507294,0.03660012615815139,0.03821680360264202
0.03882037060514752,0.038242834509459984,0.03195811578173047,0.034702607307114115,0.03380467243097614,0.0336791263056071,0.033159508151526094,0.031942998069551386,0.03245820798213553,0.03052201914123086,0.031043511692789627,0.027820882746847724,0.027758285797577914,0.04167212995158607,0.030305669424341024,0.033282872960788835,0.03167968680089813,0.03558945153370034,0.04455812715932567,0.03062533512114793,0.03472949414310964,0.03160441694923534,0.029709604337696767,0.0351617836666714,0.035821572403255356,0.03877531996147388,0.038760443397314624,0.03975117124445458,0.04205978042330594
0.0355078758608845,0.04126543662769615,0.0375089792389864,0.034680387686980584,0.03227451842062151,0.03058169977526213,0.03326928268673961,0.036010715142534525,0.031786121059394525,0.028788062662563473,0.03252845785329654,0.029095875056076755,0.030300551425710493,0.036855713518749444,0.031234340176550208,0.04426725917199515,0.03134258784752877,0.03857954984020657,0.040380867833745684,0.02794159633672862,0.0361938914854143,0.029808380674807455,0.034720405484012666,0.03291070120148517,0.03499436205085633,0.035891693179550724,0.036166956292048594,0.03908782995861835,0.036025901450954856
0.03784830253884498,0.037131166339677384,0.04158608913609537,0.036081051880207216,0.03243918074090156,0.03486641529122452,0.036814130888952606,0.030800771898734997,0.032428295990524346,0.02729727649072785,0.031044859914447942,0.029993212025533393,0.03101608438942379,0.038675190306765264,0.030990505303365785,0.03804967395081093,0.029986864035035515,0.039006748791898485,0.036445508289826366,0.030051884373354397,0.03594363583401109,0.02961646251829083,0.030071661232040876,0.033989385557406236,0.037826556709864,0.03899592203319245,0.034813683421758765,0.03551914560621651,0.04067033451086657
0.04014835265854332,0.043553646398355475,0.035286450125708156,0.03809381873836596,0.034151593780220244,0.030955182003923352,0.02989276086419055,0.033004833523757715,0.030949125532753686,0.028522742196388506,0.03019715930285697,0.02838004617410369,0.026886994629563444,0.038993132018546,0.02969659330819021,0.03941660942480383,0.029528075796679477,0.03734924625225158,0.042034265130654974,0.033509995405121375,0.03309482955205836,0.032346220886752694,0.031584244754809476,0.03793419282931869,0.039285458480849,0.035961647788624325,0.03799441090923662,0.034410887946249816,0.036837483587122626
0.03915626331450843,0.03852401420876137,0.03538491224022493,0.038960597339314104,0.030785401603531503,0.029704332051575754,0.031269486888787966,0.032958134720133474,0.032863951349778736,0.03191803229607643,0.03150520131054604,0.02999656197431428,0.030788990968535202,0.035406110309771324,0.030449177573013575,0.034121375935117014,0.033878872788221145,0.04263091271885313,0.04130916191439836,0.0294128859377371,0.033266493390090225,0.0285288164921156,0.03129942922844426,0.03820373838097269,0.034924055335632455,0.04818278198834982,0.03240930487327455,0.035445804885646734,0.036715197982273864
0.03393296266289499,0.03648046211897412,0.03818948849125799,0.032937773070566743,0.033105680000754444,0.033805301909107244,0.03346139742344988,0.03554505877927187,0.03216257783057146,0.02712096333508654,0.03141640180554966,0.02854337141314107,0.028146970929989957,0.03671892744870598,0.03160901333652386,0.03946436941540364,0.028514568622652375,0.042167265754050096,0.03988268597919982,0.02947389526896448,0.037385445320409036,0.029106846454810997,0.03421671081996563,0.03343586559801365,0.0362080406486822,0.041340746006519886,0.03915167129728642,0.03877214931933296,0.03770338893886299
0.03839355298166246,0.03686698156923386,0.04118722734693879,0.03547992824765199,0.03333340530298524,0.035368225906171204,0.035957881044626036,0.030986178846716117,0.035154058755301795,0.029110304335270686,0.03336390762861549,0.03134787242330779,0.03222936732406057,0.036353012681555774,0.028852304694933044,0.034229547591519936,0.031821322825525376,0.03949270043578375,0.0409787833616231,0.028592771390468397,0.03507465651397743,0.028894269755871886,0.03179309915661701,0.03600542073951198,0.03334351978174334,0.03709688532298622,0.03683854125680543,0.03620379216120482,0.03565048061733052
0.03424645165192454,0.03782710702203298,0.03782205635309996,0.03551803182728902,0.02974059974040254,0.03096685031701436,0.030801262575674525,0.030758195219257305,0.03601847322282669,0.032252000080087315,0.03165468372928173,0.029000254481431054,0.028698075966473856,0.033923243952058604,0.03319147482848498,0.03559307772081941,0.031603142845885064,0.037297152411683264,0.036984831195788395,0.03415940936653465,0.03704762673799983,0.03258597163600151,0.032457083061801985,0.0347653304166486,0.03410230217907044,0.034930203069134344,0.043498118431044994,0.040210398559756055,0.04234659140049203
0.034132285652297416,0.03718518477555988,0.04255357877172909,0.035653757088107176,0.03395830044395041,0.03432832491274278,0.03261375337095384,0.03296374944451099,0.02955304544058752,0.030088915885938438,0.031743550730595954,0.02812548106316732,0.02971504868017007,0.03947011989355298,0.030256205705465583,0.03809076465184939,0.030655960389084903,0.03839414742751805,0.03553804346441195,0.03026060729655758,0.032801563389465015,0.03225003453106024,0.03582599717461709,0.03473163737178113,0.03520428669616218,0.041883509977363044,0.0354743294464932,0.038658335194731,0.0378894811295759
0.03762417547108661,0.038493639255138386,0.039139965163292476,0.033581668541873555,0.032805579439394286,0.033384645798746546,0.031627665288157546,0.033628965353261736,0.03244791572345992,0.02960957242446157,0.03345839995650239,0.03040871881957453,0.031966100781547165,0.035058711198747004,0.03211252963495901,0.03833184143897077,0.03553729626505155,0.03631859097358971,0.03728452365750823,0.030737933806789984,0.035191619549054955,0.030568062164874715,0.03473970170154287,0.033537914211116834,0.03517097546973607,0.03638385820390578,0.03612070395767886,0.03355540651555727,0.04117331923441969
0.042763535908156056,0.03855365120644224,0.036554430890449185,0.03596143518830239,0.03532934256024485,0.030650181422374762,0.03223119592248409,0.03742891238702275,0.030559643897767934,0.02968979713711316,0.032582512717585096,0.028182781767480326,0.029505231367652908,0.0374648572551108,0.030542658357031276,0.03458441228368373,0.03363840659192174,0.03761474955777672,0.04147764102340441,0.029038401544479713,0.03544107571100842,0.028348420042161586,0.030507561562373074,0.037194253737470165,0.04014818574508984,0.03418464047675911,0.035948924221356086,0.036203747244747654,0.037669412272549906
0.0360775681075932,0.03863677024584978,0.03937993505490087,0.030743642440709852,0.030927272813337958,0.029772836170449523,0.03294410799380389,0.035004847677139836,0.03332172545339214,0.03298235531355017,0.0318711867838655,0.03147173219080058,0.029504597863471038,0.036941774086070876,0.03343086415569515,0.03882271936045143,0.03142470612518695,0.03733315874367351,0.03590171392039772,0.03195631105502466,0.03814159746438662,0.030840917416437276,0.035899895953073316,0.031072218047323498,0.04086640282989197,0.03385358280228087,0.03544797124256736,0.036889078957129694,0.03853850973154485
0.042815715803616226,0.04217406523252758,0.037844554419176654,0.037458498673008114,0.029493057749650754,0.028930165698435817,0.028816248810374583,0.033709135072090037,0.033197550067960144,0.030977363145179453,0.03157219658309562,0.028586204991495546,0.029633508810958338,0.0368923135777384,0.030027968199262945,0.03895440484788948,0.03259782792346004,0.0390515489541912,0.04423939612414348,0.029849294368676497,0.03508698667606387,0.027231650972124072,0.028944449895649805,0.037659244081005,0.042282556469222694,0.035395044866746425,0.03135361263102599,0.035564821710230565,0.03966061364500069
0.035957660671963876,0.03499570056452867,0.03917450566990667,0.032758792712962156,0.03470151971962467,0.03183559105370883,0.032899930439653016,0.03420366908096052,0.031090839028579797,0.02857299308108473,0.02973238917680433,0.03311291629501212,0.03143268314258997,0.03879726825587523,0.03407199510951853,0.033587276015795996,0.03461994261225069,0.04364635405488892,0.04181719750148798,0.030438131526253652,0.03551709206343607,0.02981592511252998,0.031248484537510713,0.03239219028878132,0.03869316573370352,0.03424544406526482,0.03778848592713245,0.03710155748922901,0.03575029906896182
0.037246589133514134,0.042494582107441316,0.04141137597076954,0.039595677064382925,0.03132218878344621,0.0317686435541215,0.029175819113002422,0.034590928575475,0.03206695617334786,0.02805227731820547,0.029731270788536667,0.029482972245803783,0.028414306700633406,0.03811258181258971,0.03013680779462191,0.03243928225937403,0.02938999897677234,0.036959608788231416,0.03627817471658733,0.03004771104276962,0.03495649240379343,0.028767418733191767,0.03150046574417579,0.039059568960974546,0.040991940557456794,0.03949904431972323,0.036472356601788374,0.04134071594439196,0.03869424381487756
0.036341469469569954,0.03676144501874412,0.04139829334783826,0.03660053281897551,0.03664966472179344,0.03750931074640282,0.032980335737243065,0.03430815788144786,0.0352268013064699,0.028658178198227156,0.029901037479220904,0.027489618000264133,0.029618275654365266,0.034436205739432645,0.028853122186059316,0.04182121298900128,0.03054469512546363,0.034768700378904324,0.0359909412448022,0.029335837342956833,0.03318469307143493,0.030724008594002337,0.03238320666898381,0.03598580403490008,0.03770734319809671,0.037004164678014054,0.03646321329172377,0.03826840689886251,0.039085324176799094
0.04168299550910285,0.04475986825816045,0.03933585626183737,0.032372552028286185,0.03195045579683114,0.03260480579641193,0.0350145006412535,0.03329814672913728,0.03133900262515712,0.031384159102746494,0.03373856996815139,0.033261505729114585,0.032962577506055045,0.03746603377899234,0.033177724242337926,0.033611851300701254,0.031985763176729014,0.0385696849274784,0.037336018888064426,0.02964045318574985,0.03629385036301925,0.02956394851499026,0.03065701961796936,0.03280435747670563,0.031673930774435,0.031892271021071984,0.037298654391741584,0.03654633039683618,0.037777111990932234
0.03671944178024365,0.031697592902780895,0.035236702765894676,0.035628714063006474,0.03233342285809622,0.0332571541582547,0.03160468770436804,0.03452411207382121,0.035006470102003695,0.031865730528592456,0.03385461654671731,0.03026830352236512,0.028912846350391624,0.036882894449647194,0.032988932238281046,0.039342851669015674,0.029392829746724313,0.03923636501564631,0.042078132875934836,0.031413549891779156,0.034384123183917654,0.031583218736889185,0.03565039074258906,0.03548873198631794,0.0370330885837602,0.033846508277261676,0.03617989212541054,0.03559262712556572,0.03799606799472346
0.0353789739804085,0.03845972083687203,0.04146433264643587,0.03524899860663917,0.032736350638977806,0.03485315993755718,0.03283060155550686,0.03756673873342976,0.0363421501963591,0.031120093660938163,0.03593837485079311,0.02904241059002108,0.02791397213408232,0.031424578210184954,0.034953915674405506,0.03800594196844217,0.030494355285104142,0.035027509601632,0.035957783669081034,0.031977899909476734,0.03394279582827279,0.02814558746481326,0.030636651120557884,0.03445539854926383,0.03535742467206049,0.035282514608137555,0.03865412208550704,0.04015020970093306,0.03663743328410665
0.035869297067604465,0.03434921095569153,0.04068240990522472,0.03470929032440301,0.03258485956980188,0.03374620503436196,0.030865704532690424,0.02997116387777788,0.034371694081058904,0.032829226827605584,0.03620564182427686,0.03128337031586484,0.03201622138734257,0.034424615850946305,0.029064962718066086,0.039055085096606115,0.033112437380604556,0.034431521305738524,0.042601086865651214,0.030482595369612696,0.03385237372461623,0.02965990067711428,0.03186010693006522,0.03448351666186017,0.03909880364566344,0.04546496330171211,0.0328564326203178,0.03533694868550576,0.03473035346221491
0.04351684942152733,0.04052875996783451,0.037710231130681046,0.032588756328046364,0.03288688306282618,0.030344015826504887,0.0325385780232032,0.03579420481318796,0.032864779517602485,0.029108510656727055,0.030727820774259264,0.02743458320788686,0.027912118714020412,0.036662905573806914,0.03217660558673724,0.03164196088992715,0.030876685262401095,0.0390778208094482,0.03989280719456246,0.032618460546529573,0.040212181270283635,0.02958123206653835,0.03272870541618882,0.03306881899571837,0.037095067969044465,0.03381892934794591,0.03753529770682892,0.03995766999152521,0.039098759928206106
0.040972588490051164,0.04075760469329584,0.039607623941246714,0.038153974902289056,0.030769381520713124,0.031961087448567085,0.029695884584428907,0.03465562514747064,0.03273518259497225,0.02957209041526885,0.030061556692403502,0.027308785114913588,0.026840926950403125,0.03688028896660474,0.03155262902213528,0.03220445850185551,0.02841514875773211,0.03623810002298426,0.038277802089613844,0.030284099317391122,0.03633079852773235,0.03056223067235746,0.038290388945331835,0.03839233859221413,0.0377644626703712,0.036862565540601126,0.035912098676557105,0.038458515042812697,0.0404817621576814
0.03669598593598339,0.03497458721788852,0.0382444691592758,0.03623557646269639,0.029960528034873514,0.030317494710420455,0.030361841123327564,0.03528079418916826,0.029031332088695804,0.029761806941406954,0.030716939528722786,0.02837889399030085,0.03143976231131808,0.036303668611460296,0.03161786023832119,0.03579215173190621,0.03303202789953561,0.034476326140380154,0.035150808326777486,0.031039102107254336,0.04284889158187705,0.03239621712177975,0.03335769997746919,0.03663509116153142,0.038482658341610326,0.0367344093423753,0.03959511117283558,0.04172265730235339,0.03941530724845437
0.04003447280489459,0.036968185624228586,0.03690871077164405,0.038319342897899955,0.034689577703518604,0.03279783553650604,0.03228950259496004,0.0329310319465348,0.032016840826959325,0.028859646720398507,0.02876606129117133,0.0284668437904457,0.02841696353043117,0.036999503775256216,0.029113120178642943,0.03813621388654168,0.029926688547095397,0.03477170531749133,0.04076286205234274,0.030852505476740132,0.0353718642347622,0.029461584287213675,0.03289525683821585,0.038596625537619625,0.04233292554102884,0.03692694404777438,0.035626281364306435,0.03496187064830753,0.04179903222706836
0.04076200992129256,0.036793776958561154,0.036817332425893134,0.04028187889792985,0.03622808489048225,0.03460258498501954,0.030567271871156414,0.03408881134955797,0.03145526028606343,0.029052107840623276,0.029583498780306437,0.027838142318325154,0.02904341431602759,0.038418608935087646,0.02942562252538995,0.03688857888391824,0.029850734165174496,0.036797519857713755,0.03379044739808058,0.029684012149849642,0.030053390372915767,0.02873046337420122,0.02914281611728629,0.04217316768845996,0.039811606951978204,0.040766655677866075,0.0388343470814599,0.035700433697525215,0.04281742028185438
0.03665388761620196,0.03665186670683652,0.0374134866529147,0.03728060743002449,0.03649481513025435,0.03218136507033881,0.03059238437400259,0.03223112461471157,0.0361125102993651,0.027176710282146764,0.030190340337568324,0.027827135669059727,0.029557357115680194,0.033938626628383706,0.02930694968403762,0.03686420134575723,0.02933227320039229,0.04214336290660672,0.04863379338436767,0.029893907151253597,0.03569851220446677,0.030005341531634692,0.030239848884102954,0.03749436009706783,0.038163704414488395,0.03559208503656466,0.036398870720331135,0.036109789245908686,0.039820782265531
0.03344949958603537,0.038375846627161134,0.03568530821950833,0.0335939064472067,0.036300167474788175,0.03517467337135647,0.031098057811431063,0.03945483982042229,0.03395152580449938,0.032439546526770606,0.032832548257032655,0.028665046480789207,0.030271815651327007,0.033789626921284344,0.0338121301983705,0.038645076896434156,0.03086526391086224,0.03835242082736952,0.03540011621876806,0.029886719948099893,0.03310125678831322,0.031903293898219276,0.0333529115887586,0.03415780729943213,0.037605807433485614,0.034409765593018435,0.037404543110076724,0.035514330693312765,0.040506146595866224
0.042281032928435755,0.03662325097250955,0.039181911371408515,0.03778578926052854,0.03115000216291421,0.03229279306483456,0.03409451334708067,0.03578327475744908,0.032073235836545866,0.027051889691386367,0.03061614957708995,0.030231393378769567,0.03009243550047234,0.037683598715981044,0.03417361878228887,0.03182497966058401,0.03135790324438188,0.04321704998066124,0.041405568292633935,0.02924328514015251,0.03456919537767572,0.02807568012813614,0.03405630212373399,0.03842391099084509,0.031106822809968765,0.037456577620511744,0.03500650142767326,0.03249073604508199,0.040650597810264845
0.036982118634721485,0.034770045419750935,0.038794130413741044,0.03487646468670376,0.032257278412066895,0.032017997841149795,0.03058419158678503,0.03174185966739203,0.03871055808465006,0.028247071712846274,0.03190835832150657,0.028028661779975123,0.029174479652247433,0.03724842999239462,0.03359448213078578,0.033335081412105366,0.03105805807990204,0.04265939371526209,0.03660930181643338,0.028408859354500715,0.04008889340662601,0.028933918253952036,0.03307300182320307,0.03405762274601849,0.03567321057649199,0.04155802278827103,0.03651890289829765,0.038865051178278646,0.04022455361394067
0.03397646538253291,0.03601637340618546,0.04143567431984194,0.031532285162018295,0.036387996530274046,0.03402171226324284,0.033735782654967725,0.03801162976566898,0.029894414404116103,0.03373095232859361,0.03283698509030285,0.030199204630172664,0.03011262991195839,0.03850104777457886,0.0306764094958246,0.03890824612748174,0.034231025496044294,0.03754446848735661,0.03758009149353035,0.03042245166782905,0.03461582014121851,0.028578476955677258,0.032326519636979495,0.0321872115549644,0.03663873351674168,0.038525987521479295,0.03342801831908222,0.03410394369282146,0.039839442268514345
0.03507577348549665,0.035793211968154076,0.04042917830288368,0.032954866313179974,0.038688977458610045,0.03475266412624006,0.031030419738756913,0.03264723158892454,0.036312291671742325,0.027630706616904782,0.030061666629459992,0.029221378544814085,0.030659591177246044,0.04106082320778659,0.030763061926264525,0.037834312813595464,0.03267554417171502,0.03779263315248299,0.03955285420846712,0.028022853051329698,0.032154661517785905,0.02918729096804713,0.031188589998986983,0.03159072042186552,0.03438017576961434,0.03388438068001867,0.04376215697219438,0.0434053788145012,0.03748660470293134
0.038705038511366766,0.04103150173005101,0.04027288096361735,0.03408550354790654,0.031487219117890694,0.030966459379231003,0.032871985990014195,0.032242714756818155,0.033680898205524,0.030639152569665467,0.031488157683665856,0.031110401639951858,0.0289585430303959,0.03749225727274488,0.030248805841340758,0.033388727639869484,0.03212383879516534,0.03944535904493264,0.04204995336659704,0.02976084245694356,0.032477894046971115,0.03426925947034128,0.03502285969256328,0.033674766148321794,0.037544539445538,0.04397160754881545,0.032254718255876835,0.03146129188336416,0.037272821964515604
0.037471243688864675,0.03761110852304789,0.03700016210119157,0.03480039441757231,0.03535635428500802,0.03594421179756805,0.03367601178151045,0.03662055750814745,0.03159823555367669,0.028446005582289463,0.029872333601960288,0.029777950635624932,0.029171881539423756,0.03957723865300963,0.03426949040200157,0.038829585287422,0.03018891273691109,0.0371302116243138,0.04056876233437164,0.03006597463029125,0.032752756129941885,0.03145847057984803,0.03366710807412264,0.03517426593344708,0.03660096658480026,0.03631472044712445,0.03425285871062988,0.033380928137946894,0.038421298717932394
0.0314039006993503,0.042261681332273794,0.04368873487506249,0.032848833675982896,0.03398646510586167,0.03361060364598481,0.030552753976665174,0.034273167917913544,0.03344533073243493,0.02923884917609799,0.02963232654221364,0.028418038290440574,0.030242277454012378,0.03472511617162126,0.030604542160632926,0.03786898756365293,0.030903079610986685,0.041724520376836216,0.04131112423941872,0.031015147487618865,0.03565207649757586,0.02879348550748715,0.03220515613723913,0.03314508579562634,0.03775600645948799,0.04190303386032694,0.037067168673103,0.03502442523422113,0.036698080799870754
0.03367548083889189,0.036216708480335064,0.040533081780225425,0.03626998750141757,0.03195289144479244,0.03356273200522558,0.035759827905339325,0.03375907486716613,0.03505155442972698,0.02987109037032738,0.0311127590146675,0.029317201303709607,0.02898265585726913,0.032152991045660564,0.03280519309551687,0.037147751212288915,0.029768762815389833,0.037304651301971595,0.038080941029734236,0.03033959368390765,0.037694313667423276,0.0310353363630039,0.0335157043041308,0.034818374116791714,0.03719851572045629,0.03658843048475832,0.03543249663244475,0.0340418912397182,0.04601000748770913
0.035818535494122616,0.03481471517762111,0.04543658738874462,0.03818525620260114,0.03818076782852049,0.033821608152934404,0.030816212716329172,0.03148592601678282,0.028992782705854713,0.028678934324391937,0.030746663309270332,0.029750050692481444,0.031107725161047116,0.036040565009555346,0.03135629915925123,0.04134104748043417,0.035157279839972536,0.03679992004706769,0.03748321544976676,0.0318137588191893,0.03529365310256251,0.03189786869859968,0.033924153442011905,0.03902527376013466,0.038861598485208364,0.03513324093295369,0.0325504854253433,0.031149907785023422,0.03433596739222351
0.036085695492770804,0.037230775341473676,0.04109424954565958,0.03699478267563037,0.0333580458441408,0.03179876857701738,0.033767318754686027,0.03651621252315897,0.032102839459806604,0.029749959650461948,0.030768501429528545,0.029625029380486844,0.029353602470273698,0.03761346437126463,0.030666833862048205,0.038369986088738636,0.03055317923973854,0.03843031646840822,0.038624860337211436,0.028883096722246853,0.029959656429106373,0.03061927286886515,0.030807339116054842,0.03798088063961627,0.035721639180056615,0.034568018881137044,0.04056694424335351,0.03933907612531957,0.0388496542817389
0.038160906841332644,0.03763318563960659,0.03572555573401267,0.03389735324847356,0.03892707425646506,0.03540867531343274,0.03484610322188231,0.03099067417453693,0.031470950697679204,0.030119038963648113,0.03245277796581518,0.029349187123687913,0.03080547939860593,0.032611138190907836,0.03087432522647971,0.04292117081499549,0.030866425116858658,0.04027847183387387,0.03759441951052955,0.031102580622603716,0.03926057288007268,0.029076654526393585,0.02891156539251851,0.034311374561749916,0.03548127834089195,0.03372000536834782,0.0366606471526563,0.03770762616930789,0.03883478171263371
0.038384540255104384,0.03877792165133832,0.03519517582389009,0.03274571958291671,0.031694838288114376,0.028936018520821095,0.03209206882297548,0.031303381730085435,0.0326318391337458,0.031020725332113065,0.03260128975510046,0.03164433742136309,0.02909234160026019,0.039670622663775426,0.03184641720513567,0.03579358074985918,0.030225958495303316,0.04550896543488871,0.04065986450173591,0.03074377140678185,0.037421165983965624,0.03135982407652206,0.034978499534652284,0.0322140363374424,0.03730550031287132,0.03901750389598124,0.0337225646639287,0.03473985218959227,0.03867167462973561
0.032375752122266066,0.03409054294663134,0.03440068796342277,0.030683052782373342,0.03924253917469368,0.03433767484309268,0.030003269153951396,0.033538589079338224,0.033771081679050116,0.035024504894123426,0.03478870310687182,0.031566001015833914,0.03075034663131594,0.03933329629458936,0.030633906713905125,0.03425358542769079,0.033166858768125154,0.03833265191467474,0.038803120500559715,0.03125127652149652,0.03411200413672788,0.029622789431207674,0.03250576106274578,0.030768718967322684,0.040299526763895796,0.036304039134311614,0.039269258919787456,0.040039712296323776,0.036730747753671314
