wSMI_1,wSMI_2,wSMI_4,wSMI_8,p_e_1,p_e_2,p_e_4,p_e_8,k,se,msf,sef90,sef95,b,b_n,g,g_n,ft,ft_n,t,t_n,d,d_n,a_n,a,CNV,P1,P3a,P3b
0.03766627099600374,0.03661852381891416,0.03824155175643743,0.03345654053482474,0.036232003089487395,0.0349743773549141,0.030644433444347134,0.038393222255148414,0.0369937701492791,0.030744815053159007,0.031160959102348618,0.030222931510486988,0.029468601710282972,0.03511307001488433,0.03334521404117151,0.03322690669019941,0.033127679073477904,0.0317783204397295,0.038001696139960475,0.031365037233654185,0.036928991960306155,0.029704170824343557,0.03343530404777871,0.03326499569248283,0.03017600208409659,0.03764477206587189,0.037981808069453414,0.03841191371769398,0.04167611712926182
0.04196385671963461,0.036788924368615875,0.03582965527459516,0.031568927565684336,0.03369898168063305,0.03274397774820774,0.031815493742241734,0.03825388264304933,0.03162807854311943,0.030138460295500057,0.031822802829642095,0.030038948510942597,0.031093043039904195,0.03795486521215802,0.0332735061312336,0.034322700471714894,0.032605632034485306,0.0339931445282501,0.03711187066414485,0.03179768908474194,0.03273245425649872,0.03220591747856622,0.03610231547676769,0.03268760330670822,0.03388521874039182,0.03700482997760669,0.038079692771365095,0.04117396512369286,0.037683561779903764
0.03749712634531256,0.03867705808873836,0.036412644850019285,0.03433016635530992,0.03314538774671441,0.03421283213781083,0.03152471958696447,0.037316972593737716,0.03272146710159679,0.030503609263307318,0.032837441160736336,0.031267824592062614,0.03128959150509044,0.03418559458829765,0.03607206091567751,0.0370211677330216,0.034069814876119216,0.03210337193536777,0.03748750399106192,0.03011538045666935,0.032702683853480054,0.03257779166601429,0.03921960010713238,0.03438593800817714,0.02980487334628699,0.041292138010110155,0.03706478810908263,0.03334588323076091,0.036814567845339284
0.03870558225790373,0.03924949708364297,0.037930849709432155,0.03397428598055511,0.0352118188060306,0.03408960690931952,0.03197273922215921,0.038053354184603594,0.036576208251371915,0.03045583787180576,0.03196011176648691,0.030268743331769633,0.03193527535522604,0.035576687205290704,0.02968416701268617,0.03449031689529994,0.03211719901657156,0.0313489912362408,0.03912932449893443,0.029754640801951178,0.03374309342361238,0.03103450007613494,0.032423858916245545,0.034226666798213935,0.033786770413829256,0.0373453912723934,0.03925448364905041,0.033715601424127196,0.04198439662911112
0.04024562915549804,0.03987037354272706,0.03213510577233421,0.0315889971995852,0.03308721398195529,0.03376959841460474,0.031032100537705033,0.034917230771168754,0.035281686117036117,0.03520279508353408,0.033385253549727906,0.032861390894257256,0.03029002506548767,0.03219011676482098,0.037381216298469355,0.03310083247487019,0.036658237486692266,0.03595339601457152,0.03768877127485846,0.02998724748227404,0.038334984449608075,0.031378512282615595,0.03402914928474512,0.03128428693213299,0.028852699826882395,0.037554961255771444,0.034693478264323264,0.03937354805349601,0.03787116176824699
0.03712881849638245,0.03844045579250455,0.03937825815523708,0.03329439266298796,0.033603255339256996,0.03407445882930975,0.031850361922788714,0.036789241592064745,0.03309998308265892,0.03289692077827429,0.030599504865098437,0.02953747522630351,0.03032499772793663,0.031690841912906186,0.032848224432046234,0.03287269236824256,0.034126858069045744,0.03237125529359821,0.040041854104580096,0.03168307945824129,0.03552705152466519,0.030238343061127253,0.03597364217473971,0.03365984097138176,0.03142697580550455,0.03697184904721883,0.039263605957906386,0.037920768684688556,0.04236499266330344
0.042216950158044345,0.04026852869126414,0.03607370248404784,0.03364071109714314,0.032622871284630484,0.0367377861995994,0.03162814830319931,0.03747278932793072,0.03208850795474444,0.032983106848273866,0.02944874299138795,0.03295197119389877,0.03243408473173643,0.0315254540356122,0.03322408535171023,0.033210092612023075,0.03777483758669937,0.03416844986873823,0.036965895516836066,0.029056239175980426,0.03447076470076899,0.029667577761229934,0.033920047638938425,0.03317087757176123,0.032842045084118206,0.036180959320779096,0.039078238617147286,0.038686011311691984,0.035490522580064465
0.04014918210262689,0.03738517250706781,0.03832958338847906,0.03493897012228673,0.032017920332169526,0.031169700041132432,0.033002666200957737,0.0395916434568956,0.035211231956553714,0.03026326868425388,0.032475837646525826,0.029734800327594423,0.032355614718478046,0.03316042566342866,0.031736308363040824,0.033815513241302164,0.03478080330301915,0.03364360949332333,0.03743001682180035,0.027754195128312342,0.03768331769148546,0.028484557041724496,0.03833839658421029,0.03522058043234565,0.03393238587694695,0.03640305174520485,0.036667339975681765,0.03842066227329816,0.03590324487985391
0.04032272289699283,0.035809009870096706,0.03420034508093474,0.0331999863677296,0.03810219944882428,0.040867375103257976,0.0344643187766433,0.03530442772688751,0.03173389158496019,0.031177149738061044,0.02998222233107025,0.03106772133964658,0.030138404907610127,0.03488474618044277,0.03305563331543514,0.033412062805332765,0.034762009949666405,0.03401281984326899,0.036187574650857764,0.03296260533746124,0.035069159604040036,0.034502800023289704,0.03463351270892772,0.03271372029160078,0.03449551908068141,0.03625389362553673,0.03480958926128731,0.03339555763913234,0.038479020510323855
0.03992584770433853,0.03677529665252584,0.036945265231264166,0.038281467419825486,0.03278145982979698,0.030153786001714734,0.034710763217952946,0.035653394199409605,0.0304913398444759,0.03395865064501299,0.029433983395332503,0.032692691718486676,0.0320393617122304,0.03327355565294345,0.03282116349514945,0.03276898250926732,0.034470499978126554,0.032583219769486534,0.03764031512048256,0.030654718891648152,0.03224843824817725,0.02988784634100185,0.03564210686621684,0.03918847849921372,0.03298823733828889,0.038818271515226564,0.03959656405519415,0.03840741441979618,0.03516687972741385
0.03424412452141586,0.03587603695493023,0.04119732848211923,0.03760569678097773,0.030989037906672644,0.03037984248637634,0.03283553877042115,0.037360925962861516,0.03442287662242314,0.03089088432094376,0.031044326820258185,0.034750090694114014,0.03559319416863731,0.03657136017291289,0.034270377041982075,0.03681731090954553,0.03735591860009335,0.032614791433539625,0.03758105571049281,0.028239380142514675,0.03648461574640981,0.028276507690352403,0.033076096627900134,0.03650483295692029,0.03134030974508805,0.03515115762212628,0.03885183706888194,0.03405056545095311,0.03562397858813594
0.0384666570965614,0.0349334321704108,0.03700815356795152,0.034008552154206596,0.03344495560821621,0.032919424008008326,0.03183371119329221,0.036609551224063994,0.035816040775572267,0.030612829276140834,0.030089423770185343,0.03110508928559188,0.03024445290392459,0.03654389167910836,0.03257307230419685,0.03479043362490559,0.03770792472469728,0.03395318059562481,0.038063861927013824,0.029819147460809537,0.03389533145286892,0.033245106769763805,0.039333658989139576,0.03370892093497537,0.033760797071254935,0.03595419143266141,0.03629731656905306,0.03649221602175501,0.036768675408045744
0.0401629640327832,0.04166070317260939,0.03909898570559853,0.03552237552929797,0.0348282294583739,0.03232641582787549,0.03167367891363439,0.03483890082503811,0.034121051607870094,0.03116733064179894,0.02987346952607814,0.03109046154279571,0.0311603120259581,0.03143819417515339,0.030471784315069285,0.035778472909384795,0.03350207960108301,0.03186766330356984,0.037321455095483416,0.031592710969419305,0.035174587364684165,0.03253409905571296,0.034843065214826205,0.03523463320799639,0.032463064130090626,0.0326771115224153,0.04177261486633964,0.03903284689084757,0.036770738568212114
0.03711706805020461,0.035432980824137664,0.03636097175946622,0.031327953750479406,0.03206063762560526,0.03199612695141519,0.0321126043846273,0.04146431583599744,0.034782979663341554,0.0308203101916037,0.03244122642390236,0.030252226743317123,0.029551074836985207,0.035077377584863886,0.03314009774704702,0.033556324951720506,0.0323363489665824,0.034710733761860804,0.039684119895422594,0.03067342392208632,0.036772331861158115,0.0321418469773998,0.033998383493248505,0.03172128263051235,0.033663133703932605,0.044227786655827175,0.036314816940246894,0.037080674658680826,0.039180839208327246
0.03794479023643389,0.038744854465884535,0.03721066696058693,0.032612490106577706,0.03241760513152393,0.0339051680579029,0.032727155334268315,0.03567958836684753,0.030551195537642278,0.031230244963975695,0.03177328116695779,0.030579377343379538,0.03182173137508822,0.0332667905985069,0.03290589517320752,0.03328966907560245,0.03358907330075504,0.03303740069637762,0.043513473217996645,0.03038718908630523,0.03707373188100516,0.032156603145791114,0.03781889637347768,0.03196311671554597,0.03022606420706018,0.0395693079209011,0.03588556650873011,0.03873535978665116,0.03938371326501686
0.03728448588885115,0.03805446507687259,0.03281440437850948,0.03105952468038513,0.033998236364448584,0.03506441353801631,0.03055928411914035,0.03556167330323878,0.03182247946017906,0.03134388868014228,0.031414065142810754,0.030077911004873826,0.033013991731091055,0.036165991293276245,0.03465878454072472,0.033145793479077076,0.035766649168841036,0.03784140714050674,0.04264930704784502,0.03162372279280677,0.034498096934933296,0.030900203210524363,0.035604819174164436,0.031244311582080953,0.033643956382507646,0.035315736482233594,0.03770175464818413,0.039903108154731616,0.037267534599003074
0.03837806892284407,0.036536719991195295,0.03557839659950673,0.0346116407234921,0.031387622067664225,0.0321238619772178,0.03142477941365068,0.03712164807603292,0.03393863435448115,0.031174462694130035,0.03328758440120498,0.031418185979706734,0.030417469162520593,0.03318120295824488,0.03810078942512912,0.03414166266246922,0.035026719307265905,0.033102289092254544,0.04188365684063342,0.029182493653408793,0.03339207176627212,0.02957150481240279,0.03527132864536429,0.034369433076415476,0.0322932997610641,0.039762773442045686,0.04069807199509486,0.03566538132083987,0.03695824687744768
0.03988434737694151,0.040616861185188625,0.039167356844114994,0.03494337617610681,0.031248930998625392,0.029501383991373996,0.032463608180937784,0.036889059243274326,0.032136687215078494,0.03255132387515093,0.032904847887049865,0.03169796512761834,0.03226609064802431,0.029317790023059575,0.03127769045049979,0.032545080825810355,0.033495679442665384,0.031122791210795465,0.038991605470168944,0.031483012024772106,0.035768148979356804,0.03306855601179769,0.03639524265704188,0.03452236222275377,0.03227918942604321,0.04097878901633119,0.0372852115356882,0.03867967118703779,0.03651734076669257
0.03937936355575973,0.03887531286427146,0.037515071843793914,0.03374744011470708,0.032883328870524864,0.03181891855799484,0.03384745527302678,0.034005950034948676,0.033248437150954074,0.03147039276533085,0.035135602299812885,0.03215130279490504,0.031594007361877875,0.031480909329005304,0.03219868675289359,0.034840008140589816,0.03782915249131226,0.03276575821676998,0.03782149312186987,0.029676297356164387,0.03604201245223154,0.031780879641512445,0.036630753714083496,0.033362947216749546,0.032834118808656346,0.03711838846268761,0.03537971084300944,0.03831228654830314,0.03625401341625307
0.042772012886729834,0.0366091379323983,0.03679625991671852,0.036959911741624094,0.03333117271026202,0.03183153751707253,0.031912834744229915,0.03501651633432569,0.0319267913683859,0.029203246745242217,0.031519095221259154,0.02877562509779467,0.031157032188904255,0.035360590361146735,0.03231669818214855,0.033286146591582313,0.03295448866453267,0.031728918349191185,0.03907459756386058,0.02884007161791092,0.03409837835651227,0.033416538573802376,0.03487415706805224,0.035517610765022044,0.03365775007182915,0.03879597499502123,0.038528714328510356,0.04283293363915712,0.036905256466773215
0.03608481914522403,0.03961975310551011,0.03715687356935712,0.03268326081171587,0.03236565251106908,0.03301675238564549,0.03282761351164193,0.03675743020536627,0.03418727342130544,0.031320723624256294,0.029959878664095524,0.0298276596828768,0.031603028704616565,0.03435967983504863,0.031991462690218034,0.03589086446151972,0.03677306553876229,0.03314563664545794,0.03938745801277676,0.030366113725541648,0.03260450310577753,0.02853544040726245,0.035101755858460565,0.03286102546333736,0.031028807991803138,0.03854417278312253,0.037360279325029,0.04492466558217735,0.03971434923102456
0.0390675277446552,0.03539570424011749,0.037435448876340455,0.03365847256283329,0.03273968183012087,0.033775816084156904,0.038233180944683795,0.041931785239174756,0.030237255299579834,0.030836756434650246,0.02963142543793525,0.029911980386632953,0.03311489513211527,0.03444828633706999,0.03259851193139311,0.03940544671148588,0.0328773093985258,0.031178026539867704,0.037981377068792496,0.029117487181364816,0.03459654477483886,0.030659077589721896,0.03444151798912268,0.034135440860001684,0.031478567478746694,0.03891195471934241,0.04270633887892106,0.03381070500155968,0.03568347732624887
0.04113790524194086,0.036166496573133755,0.038326607652658384,0.03646411847432388,0.03301641558166155,0.03271322919092593,0.03215255943762194,0.036600787155905576,0.03394055572621542,0.03046545557484424,0.030277824623201482,0.029202975418119764,0.0323115338123073,0.03210487313518545,0.03425723222108369,0.035214302601179824,0.03275003718620858,0.036468144414165495,0.0365638389035425,0.029519194847161805,0.03310058669102632,0.027179088957626173,0.034433971623501716,0.03655629237636609,0.03217919988818806,0.037663165799316806,0.03715553552264954,0.04230910236685989,0.03976896900307798
0.039135177895086845,0.04010914475383093,0.03787503030926306,0.035743040260330386,0.03147624095576533,0.03184942616659778,0.033730090529545134,0.03487341768527995,0.03260614138263555,0.03239978136403823,0.029410344617742556,0.03221878709985004,0.030976533390865108,0.0354954045723317,0.031994027397994056,0.03887583890589122,0.033696471176002024,0.0311806662148628,0.03582508986980626,0.028743829827060537,0.035763780024087255,0.03139438111757208,0.034870855807796114,0.034996666543765056,0.030127497458377582,0.03854407293135266,0.03902775843898576,0.03711747637420039,0.03994302692908358
0.03846152106313922,0.03885449929145679,0.03571774881503319,0.032595272176871234,0.032771245710519745,0.03190776255082984,0.03311913460715676,0.03640064406224577,0.03431013393694453,0.030575703796279014,0.03265544936669732,0.031144677611394066,0.030649888791632683,0.03288508508727757,0.033855619129818625,0.03356246772720699,0.03847396003747786,0.03163205531270188,0.0406578051385396,0.030360896390629354,0.036527443401574364,0.030302725132490875,0.036318866221161976,0.032444224638585636,0.03316843134926737,0.038580699949280234,0.037432426515501147,0.03751078674523876,0.037122825443047604
0.03909050586152864,0.04052545328749359,0.0393795541206151,0.03285148344619473,0.03143470268554438,0.03253582496386673,0.03437250354888914,0.037350572689113556,0.03272721784355234,0.032087585942841015,0.03134251728608674,0.029615388738060005,0.03151251607959916,0.033297190826090575,0.03336702689764444,0.032983611847392444,0.032630342683207414,0.030626563121362305,0.035332667365496215,0.03228002225350293,0.035580384690508206,0.029907021127901945,0.037078190945026984,0.03324136222551864,0.03148837170766232,0.041256129551125606,0.03862498071656041,0.03692810829791896,0.040552199249695504
0.03939901963592626,0.036372359946771196,0.036166290630010575,0.034057479170706936,0.03191574116309644,0.02931642610362776,0.03291623492585234,0.0354472363194724,0.03758600801286536,0.030243364559221518,0.03135994993717788,0.03067929288927656,0.03223878641010095,0.031766987844296844,0.03301842713515805,0.034806227178891966,0.035783920162696506,0.03158753643695853,0.042277214941080124,0.031749142795911775,0.03703010191561325,0.03375204993285501,0.03586561429012083,0.03405690140878299,0.03256100755541454,0.03879893052298054,0.037330742972490824,0.03428202977486355,0.037634975427778425
0.03809229946651156,0.042442218292236725,0.038670157751702544,0.03605188516429593,0.03268638862567917,0.033069978123865966,0.03515513205345398,0.036599376034473864,0.030404491277015704,0.029714715689749472,0.03062250229594559,0.03134992679296736,0.030523274913117415,0.034375932492848385,0.03766238719178631,0.03108349334863982,0.03370677294607284,0.03254766606779377,0.036260381880903206,0.02851265040655594,0.03391515158487294,0.03337859963293878,0.03359047451362056,0.03626929630075521,0.0327361256242028,0.03629759711727689,0.03812561281788189,0.03792566883765264,0.03822984275518276
0.03864583948483761,0.038869995812492064,0.036587733195828726,0.03864386153430212,0.03310001908694926,0.031802265258148645,0.03176962258966406,0.04153485913064243,0.033094594389106655,0.03226597398828486,0.029663501541270183,0.031866340870324576,0.03266263695341208,0.03586630154212671,0.03322561561788742,0.03543094363480612,0.03491023398867172,0.03223369328197037,0.03741602782564109,0.02914863852216897,0.03398454663549552,0.031172769779300873,0.03365139771304447,0.038238618970390895,0.03087615798368166,0.037574500253137216,0.03748560516974708,0.03475891584219485,0.03351878940447182
0.038573723494196785,0.035848604656351486,0.03576602461651786,0.0317137088067512,0.03386393572315006,0.03029067630551526,0.034061581447258446,0.03477440727799653,0.03311156537983436,0.027734843301651553,0.03612232433334147,0.02867531915707744,0.03259040515959867,0.03170801454817514,0.030047033717102545,0.0340413514412102,0.03299449037870046,0.03593309620078786,0.03783762905412101,0.031139845108723245,0.03552876471683804,0.03315383081349052,0.03532970661592877,0.03137168490543301,0.03218243351674201,0.03609716930654985,0.04595339817279599,0.04050927855670989,0.04304515328745041
0.03733862794165664,0.04429595008728725,0.03506381745374706,0.03247870498425566,0.03285098809687441,0.0340002489015073,0.03222821770499022,0.03389086476726737,0.03212973471171244,0.03003082975888909,0.03275485417510578,0.029612363911248912,0.030804958657703146,0.03290614199403449,0.03491324741799902,0.0320461305991842,0.03611248951407109,0.03139373420004908,0.039475774579261595,0.03196011652848239,0.03522435354750187,0.02811504633027607,0.03461401252011641,0.03194294642208096,0.03318512964900811,0.03853495506782635,0.03883821842257926,0.042173437707892523,0.04108410434739137
0.035375928335644166,0.038100402294481264,0.034971459610888156,0.03284239129184698,0.032843909634214505,0.03386758059231718,0.03656624631776402,0.03453998703857313,0.030972551052071556,0.03321785040647949,0.032477885404638786,0.029916297090388493,0.03266824994084191,0.03520648647035744,0.03235907180399012,0.0336679443823716,0.03387409027338558,0.032950251063544135,0.03887402287433963,0.03132747650313651,0.03532246497357172,0.029839253351974182,0.0372732731779125,0.03307021611515078,0.031548994339535265,0.039347857089673956,0.03873811909023804,0.0386425878523313,0.03959715162833753
0.03648337236041704,0.04170002384693397,0.03627109093982031,0.03767874500049555,0.034055584608510575,0.03167903603070247,0.037045578332034215,0.03722647902820331,0.03112636066644491,0.029803514608261535,0.030145305923140676,0.032371581733109514,0.03333445190980458,0.032445073448212715,0.033586848833236,0.03151555330707346,0.033319323419423216,0.03017945933726599,0.04221299664535723,0.02954308788943922,0.03293206381093225,0.02854331802759124,0.03525683456582217,0.03781835541007399,0.030859990025023765,0.033558676942443334,0.041251703994474934,0.040446487648930496,0.03760910170682143
0.04143995749522626,0.04090433538069525,0.039877558190206865,0.033446555745759506,0.03353817324618321,0.03214261760647606,0.03258672605026396,0.03530846831019936,0.03360908823000862,0.032322477531920614,0.032403275218557036,0.03182859764654606,0.03300304393511272,0.032807640246820036,0.03602331115869963,0.032089425754263774,0.03581117805007579,0.03237954167331679,0.037020914487953936,0.03083400116560599,0.03404892837827457,0.030574560878582478,0.03871380466681336,0.032553557731708774,0.03352142003406917,0.03550072905892865,0.036141514348458706,0.03486350810539468,0.034705089673878156
0.03872260452914152,0.03744466862072493,0.03738405209236186,0.03453067530569884,0.032491659512545935,0.03168152667599959,0.030678626618082606,0.03671068844102486,0.033912450870244464,0.0323203407711761,0.030766322930357172,0.030587751216779195,0.030309959112654317,0.03389948401593169,0.035328519318605076,0.03653731699295034,0.032701935981534515,0.03720112847579461,0.04213466558890674,0.031100834389515653,0.03166403099897862,0.0300596527791376,0.03401896877250504,0.0340564667559599,0.031553846525432985,0.03912618618025679,0.04063930200344855,0.036113929367193105,0.03632240515705733
0.042420517888591205,0.03736691315183816,0.03892862930070382,0.03181999095765392,0.03515035710884955,0.03513306536279863,0.03354117615719882,0.03878458974254473,0.03491487988017034,0.03349302359014594,0.032842041689777265,0.032453623365676164,0.033012137312812176,0.0315749794696709,0.03314126949763544,0.032449236589336426,0.03499336079813134,0.03003974497415941,0.036843733076613386,0.028697280736254827,0.034308680404402825,0.03096838979786033,0.03191134923124748,0.031698597243985896,0.030241013743332067,0.039535483865288004,0.037415875051081675,0.03571008609166877,0.040609973920570495
0.0379708217613577,0.0418322890853201,0.03698056585681162,0.03391595897066661,0.03236013080317586,0.03455190384956584,0.03518906563571488,0.034703341352062746,0.029973033338481232,0.03060709290088607,0.0336527425427983,0.03142042991447399,0.03334000293223764,0.03239328954623423,0.035814779471590466,0.03230068773242466,0.03570649643789458,0.032070940184662486,0.03786811118562968,0.031079210302636846,0.03491510346158884,0.03100412417195132,0.037605153192840426,0.03511902491260504,0.03334969007939403,0.037243180540036974,0.03456345152523171,0.03541223205569722,0.0370571462560289
0.0359355293732098,0.036703073381524814,0.03488769616742058,0.031859328441088325,0.03667603811239728,0.032618170987964386,0.03539536941121766,0.039066512520026506,0.03284898612929167,0.03212915032241929,0.0310575833871863,0.03308372554782052,0.033693181242703305,0.0336898774341121,0.03247893948587279,0.03268268878333102,0.03490312660991021,0.03037692789538667,0.039772887229023814,0.029032574378867637,0.03698515777313431,0.029511014418105618,0.03319243164986276,0.03296529163588432,0.03146184280676097,0.0420760853574198,0.03674610841644064,0.03893486956389739,0.03923583153771952
0.03732813405681806,0.036055640720360216,0.03980302358682721,0.034603751839742194,0.03510531492908613,0.03484854549810781,0.03302150174752524,0.03508426290824779,0.03214540215531725,0.02957305639155402,0.03189654774379389,0.03197304915488651,0.03316885236950461,0.03331582229620215,0.03279994101707494,0.03204075790560289,0.037353529663461296,0.03313960952390163,0.03710393501595312,0.02827411581902093,0.03313506087716393,0.030275085660386957,0.038450261704287635,0.035578082405535116,0.032539266431627065,0.03830225414065213,0.039829829120167436,0.038673985399684044,0.03458137991750782
0.03891235003762526,0.03863036126196636,0.04126028526860566,0.033853777582336,0.03344164025830807,0.029974812852719707,0.03332473447549106,0.0336765738524184,0.03185888746879102,0.03064900826668688,0.03287625245830205,0.030628323227397596,0.03212360167546944,0.03280527631342338,0.03575236600856442,0.03495885323322835,0.03385255662797117,0.03263062260542966,0.03779337032427883,0.029872227030799857,0.0357488221882169,0.02934739823805992,0.03479501686767548,0.03449455859486592,0.03464669927347387,0.037252330306127394,0.039089434446827075,0.03848258509291723,0.037267274162023134
0.03894720025341434,0.036653581544613366,0.03345548548317411,0.030874074568212125,0.03316278508423683,0.03427553703301907,0.033607651587726065,0.040833591716573935,0.03748927853670864,0.029933569213491763,0.033471215385542166,0.0324248263802099,0.03230293670488156,0.03491654793734376,0.03694523842122296,0.033117201774507325,0.03461509128332317,0.030815855386080504,0.037463351858295045,0.029332337754169224,0.03431093073879302,0.03069855814218178,0.035460576574638004,0.030871573333755266,0.03267669686005771,0.03808371770550835,0.03660200863866901,0.03790633209912647,0.03875224800052457
0.036130036009718154,0.03371079912055695,0.036470962739670806,0.032171604086232486,0.030797804956274037,0.03233863815543915,0.0322100835848992,0.03567188427358721,0.03204628514051516,0.03300607379829445,0.03649820706778019,0.030771185575161848,0.03216948077534124,0.030399369717112767,0.03412849365889155,0.035169717868647116,0.04044596282411609,0.035771239368062493,0.03861234121133741,0.029496089072558174,0.035930800113389436,0.03255528794068984,0.03862989244739333,0.031616865644331596,0.03172315637473915,0.038075787162223,0.03642529601385117,0.038623493463662326,0.03840316183552369
0.04174693033636272,0.03830538213236366,0.03674738988340611,0.03432371366345318,0.03557834620154019,0.0338781303614268,0.03138889533892832,0.03450110202280895,0.03059446257190047,0.03131135066174139,0.03232595044948809,0.02868628911931681,0.031303681854354656,0.03482709193267639,0.03191348511155387,0.034135814277709904,0.03375634588652261,0.031773950836438136,0.0416032893327487,0.030676515744190603,0.03339191711005539,0.03281984705750364,0.03447316184307591,0.0354288407979471,0.03146025130000766,0.04082295775392576,0.03617747097241446,0.04003243728163338,0.03601499816450515
0.041967082262542185,0.037539004299736126,0.0343686569776527,0.033404549381029255,0.03330906950541708,0.03179953411604954,0.03623976316959341,0.04672815427934575,0.03481279028082661,0.03000028765527028,0.029343627697077608,0.029924443106859083,0.02989848743285149,0.03251137067383979,0.033013181024177385,0.032408745564502114,0.03315090501857041,0.034152921153129186,0.03973039076165259,0.028642094264230505,0.03451199177244714,0.029970193948179617,0.03655185988473082,0.03305934027948178,0.032361217619965105,0.03724866652614543,0.03395966444193308,0.0426311796720211,0.036760827230742865
0.04073364506137053,0.04134508941983826,0.04592642146759119,0.037128432892153965,0.03265609793951819,0.03367415100449095,0.03339215393954907,0.036765294348280526,0.03079571948980771,0.029801592482637577,0.029095756031909458,0.03253433902907306,0.03207327340452193,0.03304467622216227,0.03261130967851326,0.03236595469977586,0.033662023957678436,0.029641560970661597,0.040454802984073064,0.029550898785076718,0.03382961954096783,0.03312322304231656,0.03354086741273203,0.036771341757993306,0.029867065719061826,0.03765239639630618,0.035223126450920676,0.03760028755384101,0.035138878317177005
0.0391172359843072,0.038063754692074514,0.03818525445507352,0.033369142901646665,0.03245587871998152,0.03221311805149225,0.033122803011683175,0.03603503941074144,0.031899017165307984,0.030832845027440114,0.02913387444829458,0.029883066262830604,0.03194611284949865,0.034057943951411526,0.03313527370600737,0.03533259768437174,0.03531712934315572,0.03423862051693628,0.038337407514876645,0.030883571368487885,0.03457515423829319,0.03241095921660149,0.03772068955384259,0.03249081528593188,0.03207854248632702,0.037696038981714385,0.04057189967894822,0.03907440822819894,0.035821805264522916
0.0368045229053317,0.04027943814103384,0.03876123620870896,0.031136626337537117,0.030726862675040472,0.03337849722667338,0.035125029216942265,0.03740130983375709,0.030566504510784732,0.03039757326993549,0.029334513072255368,0.03197721249908528,0.03415512784878281,0.03492928611633918,0.03623011864256608,0.034937487009576884,0.036134783927306534,0.03123663773317729,0.040133341262138335,0.029376934696138213,0.03594136641525563,0.029936221317544275,0.03520757811139299,0.03173142769167471,0.030920651975034998,0.03836755143814515,0.03577328133578511,0.039625828675340716,0.03947304990671548
0.03703561767505293,0.036527038423232815,0.03542528727703013,0.03198364100807094,0.03212534958112977,0.03264308186826189,0.035406206788624085,0.03395423179775604,0.03482380743641778,0.03415259442264169,0.033559046571761675,0.0307690270877012,0.032381248248749564,0.032981426393003825,0.03309748279364124,0.033383948575244446,0.034503355864395076,0.03457515663291224,0.04543295999162751,0.030763808962032558,0.03592029605296979,0.030762450515204022,0.03579474245510321,0.03176031873817989,0.03214480309031726,0.037703294297727966,0.03789608807761673,0.03674393141624453,0.03574975795734918
0.04202946071535546,0.039714024415648495,0.037399781935446685,0.0336067949751627,0.031114514545950968,0.03112771220920968,0.033422185105873664,0.03225288115730425,0.03287362609981859,0.03212715358581281,0.03258502600370942,0.02958510249113046,0.031713779053994404,0.033677525223962626,0.03522775141678282,0.033908720220909946,0.03484383918823904,0.032577809031861096,0.041683930235356624,0.030437590226912857,0.03440490088188101,0.02909737464593226,0.03478905999646446,0.0334147692297773,0.032454988876875555,0.0372237455251636,0.03827432913195789,0.036069233036508976,0.04236239083699632
0.037851727937687346,0.03714168006576046,0.03909309856919464,0.03659739962765508,0.037763818807929686,0.03497022801072488,0.03294053284403052,0.037327977603125354,0.030920941842254367,0.030818035738228056,0.031632070420580034,0.029920079637552915,0.028776165654410556,0.034820166917877066,0.032542001999251564,0.03673516299010067,0.03440614117777755,0.03223153719181069,0.036245477043196354,0.03014627816229542,0.03346746128913307,0.029846623262661687,0.03385425823777949,0.03649679082526521,0.03205194501272184,0.0405483012216016,0.038189759638002745,0.03704655067424303,0.035617787597148176
0.036552933767904076,0.03820827991009666,0.038424275343823186,0.03456959065267682,0.0313577320828947,0.033798064049870735,0.03235356654930606,0.036159018994388815,0.031355669299697644,0.03503046620347921,0.031235846212574157,0.02891631082477345,0.03216221256525727,0.03343093113934661,0.03450824939944798,0.03128204208987989,0.03480148150659006,0.03564618792732869,0.038745277517495694,0.029667582127920956,0.03423040844413362,0.02978436306869258,0.036350488225725966,0.03531349199965425,0.03245656958716305,0.038170954494641515,0.038098516084745085,0.0402587167315559,0.03713077319893546
0.03656264905333708,0.041921923170333844,0.03876167279130084,0.03518330266583721,0.030782073528686293,0.033964314683436976,0.034297610907450995,0.03454916120324997,0.029756669118045576,0.033449085748092834,0.0338449254460275,0.031382870611214086,0.035961201264982576,0.03208939507408283,0.031368075715239266,0.03175981078738943,0.035336438613723244,0.031040337752941426,0.037594128955326364,0.028563810128024447,0.03532790698892552,0.030232692678620766,0.03653607547203284,0.03548190423810453,0.031003765449938,0.03962757097792509,0.038513766610708114,0.036646490974936684,0.038460369390085763
0.03707610047366097,0.038643202616759895,0.03669491210077616,0.03303847217123555,0.036760422188440986,0.03394666664949998,0.03318447739752878,0.0365732885560228,0.031218104882218108,0.030929347341721192,0.0316457184745928,0.032312273366776355,0.030822818999804092,0.03220516417730338,0.036581187200971324,0.03160122788647876,0.03666628883772797,0.031201566429671534,0.03555863241471738,0.029209063130780505,0.03842052153385633,0.033448227481732026,0.035925465471351135,0.03330160674327089,0.029962032051328708,0.039351905962254255,0.03681578568429118,0.03780101558797706,0.039104504187249936
0.037188322286639604,0.03729982468064067,0.0365003816049133,0.03237895682618871,0.03419239103978781,0.03267455486761403,0.032296592346057515,0.036853295726987555,0.031023947426434127,0.03196078447876766,0.030884646768134495,0.03163203009427976,0.03222940964631829,0.033976396588722695,0.034479726585239553,0.03442584616758012,0.03631018965252905,0.03183998543923239,0.0380250661706083,0.029003260030416422,0.03233762803560395,0.03202360902433589,0.03612292829607674,0.03223887374091841,0.03363535041421951,0.03973093418820767,0.03625034948622122,0.03823513144402126,0.044249586943303325
0.04235167365730083,0.04020853097930698,0.035688982071601476,0.03175719754675529,0.033836157829271615,0.032908784779857134,0.03271170313704009,0.03296444628126695,0.03408885152030585,0.033443741477904874,0.03234667566163791,0.03280422507135756,0.032998151106577715,0.03275686510195841,0.03220799850137647,0.036580832382430324,0.03344417664177853,0.02907624073157412,0.036551490968038926,0.02903494460862046,0.03705038040364721,0.030718972359310877,0.03363394607110795,0.03306863982246848,0.030771555153341835,0.044730587269662093,0.03516308417716687,0.041295132289848976,0.03580603239748421
0.037794968254286576,0.04025055528476941,0.038187487684075316,0.03300449749466385,0.036171077084103886,0.03283059487532091,0.0315623724745299,0.03698349781863222,0.03600682942920582,0.031039005700611168,0.031249179928085624,0.030250597220427167,0.028931306333849584,0.030381652919069767,0.03241028612861748,0.03283778749549772,0.0319961610849948,0.03385465147941232,0.03967554100130655,0.029607736848628507,0.03296472766146697,0.030575121649236713,0.03452919732139045,0.03274939688386189,0.03293497696113477,0.04089083620261232,0.037860555201012405,0.04085473963741833,0.041614661941777674
0.03654535776147725,0.03762075821763921,0.03658173115899081,0.03312917165389002,0.03570562204460012,0.035905152295414876,0.030139209802572342,0.03745792992601969,0.033592608859941524,0.03157526756388864,0.03085526561527322,0.03210845793132477,0.032666506619306236,0.031139969794373112,0.03260096283548205,0.03324164503382872,0.03556798732161023,0.03421587340380482,0.03927750918674453,0.03125009684840928,0.03428490340998873,0.029758704911140375,0.03294691512183163,0.03361147564248036,0.03285283453379475,0.04351107627524363,0.03625498108219953,0.03706105256457912,0.03854097258415053
0.03663545933826442,0.03966052380246334,0.03598659004864454,0.03057545338506413,0.03287268064261671,0.030627355466280592,0.03272482282823714,0.03531050328759329,0.034125061951955984,0.03479190332628995,0.03126903040059899,0.03161510883740455,0.03139329056037669,0.03412696551317789,0.03303154160593881,0.035065579438999066,0.03334887485646091,0.03413292195737994,0.04023467328717438,0.03122999448947546,0.034687614562855296,0.029381231351697984,0.03348469726668013,0.030496934836389322,0.033099754218457705,0.04064073438695313,0.03627695394520724,0.042861235671892775,0.04031250873546956
0.040736152142592685,0.04201163197437977,0.03926323514983598,0.03564508072865465,0.03380927135391203,0.03292988701429623,0.03381683433774074,0.039908634940589494,0.0319291761870021,0.031883364090762506,0.030147945538418604,0.031064748980114888,0.03176447155496774,0.03266155706205011,0.03360045247999806,0.03276836537295947,0.032667965292285626,0.030877199952179746,0.036937212857762386,0.02989873114922581,0.03340685520116738,0.032270798021638424,0.03501323669884508,0.03548502779010227,0.031131256864550268,0.036501853035587936,0.035734351104163134,0.03889950661100754,0.037235196513209376
0.04037733463927225,0.03646555662756733,0.03811362473064225,0.033996889889280346,0.0306815954487769,0.029960853934052966,0.03072754047684651,0.03463796661312988,0.03356757787729105,0.030741277912862873,0.035460811877195936,0.03129942666208897,0.033435671584153816,0.03204882920015447,0.03282360738099512,0.03393764197979375,0.037258522828416504,0.03492011199731811,0.03857859191354128,0.03026784222120447,0.036644810640192364,0.03115420951102186,0.035260355258864354,0.03468163081879423,0.03057718546652304,0.03780621766299534,0.040058282162248174,0.0374222701544444,0.03709376253033146
0.03803183343238219,0.03921023729988475,0.039065327871828905,0.03475482824101347,0.03281834606928253,0.031240595556013374,0.035025061946600815,0.03769320999449107,0.03445397962431561,0.0301939631391424,0.03207985058392711,0.03277935574882734,0.03322280970295148,0.033049742903116866,0.03270562044656232,0.03327788260611129,0.03475188166438216,0.0337445986668424,0.03839463935773536,0.02914490161368597,0.03415083067372425,0.03098147447416901,0.03075989298543471,0.034832623559550316,0.03184100842188251,0.04060499203105397,0.03793297865946062,0.03540870341854282,0.03784882930708444
0.03929301287424371,0.035742638848638306,0.035383177356298,0.03120763980506856,0.03040656837588,0.03146483866366618,0.033812163957193095,0.03533501466630318,0.0354784001391385,0.03076627852851675,0.03213104971583988,0.03204052027944129,0.032904001177379356,0.03194807713615575,0.03315769420483346,0.03557538621940727,0.039584165473056564,0.03509113134103588,0.040752900158059886,0.032420418810386466,0.033558271716956065,0.036588299228098656,0.03485161565499157,0.031518453410575284,0.03281983749893022,0.03532532088417753,0.03767021471165187,0.03669171456074605,0.03648119460333063
0.04005546183487074,0.03974483460250637,0.03607660250219859,0.03483248775202173,0.031686617113839535,0.032168200866536524,0.030779027619585418,0.036828831407954364,0.03608295372121249,0.03155045254133511,0.03163197108133364,0.028753728231763382,0.03157410355589797,0.03125434131136721,0.03300349820745494,0.03302514051150554,0.03447276242624946,0.03042279929361801,0.03956333538124982,0.031183848192187436,0.03298758056308008,0.03211833284551014,0.033635296740320106,0.03580120619852585,0.029312180181090462,0.043148594567724866,0.040495717076037566,0.04320950427904622,0.03460058939397641
0.042305649295906064,0.04457688974509262,0.036905060498733,0.031783829587454335,0.033538711820135236,0.03122373304907582,0.032240037151048485,0.034634816414289456,0.032432588448999045,0.031851974791757866,0.032130200720908844,0.030366602978477802,0.031137825258794417,0.0337812093302602,0.03604436223704875,0.03430877692099509,0.031267128399089926,0.032555041646030215,0.03722283939154593,0.029628656755978294,0.03544705164461977,0.03272085913385367,0.036288423028446336,0.03227076494930613,0.032816934989909674,0.03723208119582522,0.03988430600181717,0.036715606410799156,0.03668803820380148
0.037017261957187894,0.04187718050092837,0.03467832740329412,0.03128815297614103,0.03280578877688446,0.03350715898328018,0.033638144978304786,0.035752898449197525,0.03219055424898084,0.030042147035510232,0.031092762763906167,0.03251307442982996,0.03138755414834078,0.03297593159430569,0.03564034621860951,0.03270253369020029,0.036018018047977655,0.03481534104557855,0.041929828435209475,0.028018756404458688,0.034767510908213964,0.030265473821387185,0.03533235595874142,0.030781028622070612,0.030386227954930796,0.038404698519104115,0.03896759206997251,0.04365859566333952,0.037544754394113734
0.038147186395683784,0.03936177105051961,0.04257424864728729,0.03580155007425613,0.03418676917981316,0.03330000319678815,0.03261356975109147,0.03674003414284204,0.03381947805704704,0.03142875366508459,0.031537795118938075,0.03148453987292852,0.030097632867983358,0.03194357958864599,0.0328589535779233,0.03267470001610377,0.0332338207177692,0.03529836342658232,0.041365172029847574,0.029163795125890735,0.035040620831674966,0.031097638227335318,0.033635125719372244,0.03544241376011002,0.029460935181051355,0.03897269997178547,0.03719646524713989,0.035233417845939356,0.036288966712565235
0.03557564373167822,0.03770339200026411,0.04215544180090049,0.033043019999428346,0.034095002357297496,0.032218664008862564,0.0326527826347562,0.0361476295594765,0.03048644056468363,0.03146556935188548,0.03059025647554789,0.03132993650822993,0.033483196970633365,0.03434622693265529,0.035575810675514206,0.033111607162627364,0.03604047487238337,0.0328447303735057,0.03706518664677463,0.032617184660805605,0.03279673733560777,0.03178994904025971,0.03437477254810416,0.03287109341001703,0.0317702148071803,0.03797314025866957,0.03989909832774552,0.037904235309414905,0.03807256167509063
