wSMI_1,wSMI_2,wSMI_4,wSMI_8,p_e_1,p_e_2,p_e_4,p_e_8,k,se,msf,sef90,sef95,b,b_n,g,g_n,ft,ft_n,t,t_n,d,d_n,a_n,a,CNV,P1,P3a,P3b
0.03942358538467075,0.03609436188585289,0.04091111371100496,0.036436114169212636,0.032117584628769236,0.030974997681185324,0.03237688574782001,0.036042956966236266,0.03445428512821207,0.02957151168727164,0.03476167178630055,0.029136774584459967,0.030463013098633713,0.03387205989167068,0.03211592885185001,0.03677823137062047,0.032282297421761974,0.03778199912666325,0.03911252589181816,0.030630916634318044,0.03652543880165596,0.03238275651258931,0.03148841300014152,0.03605214415946993,0.030817382182981284,0.03547186952392238,0.03745314762743977,0.037427719334563445,0.037042313208903735
0.036819214791478004,0.03804205194968679,0.04322193516961851,0.03586103389967241,0.031109472641587744,0.029408814251772004,0.029565822036041235,0.03333190631857272,0.031070489196385036,0.03138407877718645,0.033874460412580666,0.028447230833285736,0.02725760306774052,0.03570715264052428,0.0314421425948967,0.03667579362900548,0.031277184718212794,0.038487918913542654,0.03626562175364417,0.031050490713610556,0.03696751270540659,0.034084534507637924,0.0355579429982585,0.03545004520516924,0.032518358110255816,0.040741746603710674,0.03669076481711442,0.04106944894527393,0.0366192277981285
0.0382714790842517,0.038608449289660236,0.03857039228380926,0.03357732652546843,0.03100281693332519,0.031201688057024418,0.03403372854859173,0.03667891559166794,0.032327020994793,0.030098160162921377,0.03315617500826163,0.03074004801147361,0.03186855811770047,0.03761362330241076,0.03157326865627287,0.033610620337345035,0.036245608600843124,0.0339042649649982,0.037626659951469354,0.03159893722651176,0.033390966725673224,0.03373626705428868,0.03534032881445094,0.03420768757728856,0.030627431199268973,0.03816488820867525,0.038478352342247335,0.0358977733348055,0.03784856309450145
0.038622632191434234,0.04298841174297356,0.03832722404151824,0.036887458256157905,0.030168179649525128,0.030054342198195243,0.031599564390284184,0.03786790464561747,0.03108092213939497,0.029327652120237357,0.032117758189935036,0.028910889381847556,0.029481922368322137,0.03617528647684828,0.03097338977995747,0.03851492998062829,0.034078903645636,0.038818916187262555,0.039130418503525874,0.030170798144097323,0.03152719117116703,0.03429086841807725,0.03128489970042223,0.03687620744165675,0.03057725556741845,0.037597171342819966,0.03505796610446936,0.036747676474101425,0.04074325974646859
0.03790158303970737,0.037070034425543616,0.03852698438749552,0.034826418728871406,0.03292841617482599,0.032911613216680416,0.032569298592739306,0.03790346959728469,0.03258132312598906,0.03390650763728485,0.031084911394649334,0.030707160887229967,0.02974882921484386,0.034173328719186796,0.03372001672110832,0.03495745261382195,0.032045849050639716,0.03406992202980074,0.03729660460801103,0.029815854006235393,0.03379708318782505,0.029953778426699423,0.035136453351581234,0.035658003425796406,0.03292998667392718,0.039213447487551255,0.03729848197842412,0.03810381029134731,0.03916337700489868
0.03728724347696652,0.03686481757074887,0.03963139260246546,0.03216924683083617,0.031778769750148025,0.02881810830339405,0.032732672519069334,0.039074170258379684,0.03619731109895222,0.03037551705675076,0.031050766741934965,0.03075809626124476,0.03053191290993464,0.0360841559310847,0.030934428598863722,0.03449862274380004,0.030493687780217004,0.03820338851942837,0.03542008689163754,0.03126353644037531,0.03236788408550235,0.03342906386638691,0.033785989525929525,0.03170592783790539,0.031856859305371854,0.03959423284239203,0.040646571484100655,0.043853597319350665,0.03859194144682847
0.03860670074017684,0.03581007562525447,0.037460554796147294,0.03614516049124939,0.03358854364766776,0.03312132081394799,0.032366242563029175,0.033870237735258234,0.03366221538870044,0.030521213128692402,0.0352187157563411,0.030682886132753863,0.030503247712664272,0.03781162426970923,0.03036591895675849,0.03381097625499435,0.03351360436633362,0.03672809029660587,0.03806433179216644,0.03091945402963069,0.03362149803003996,0.03074772361583415,0.0342111877803907,0.0368271027521394,0.030455903725629552,0.0369110808646416,0.04017002819820234,0.03390314307798531,0.040381217457055085
0.03740763623718233,0.03848075885452635,0.03669812651271318,0.0354707227820079,0.03370561797043679,0.03137425164392399,0.031148022719689472,0.034802817781094626,0.03339702834893014,0.02963936215694114,0.032414569310719385,0.028525232164266057,0.03178829653438291,0.034631088922373314,0.03242747969065694,0.03539649163407834,0.030543532337048325,0.035455017232062416,0.03463331876580365,0.03232807619863541,0.03604511164009517,0.0313233094203139,0.03499444685805299,0.03592900471122753,0.03468557222244424,0.036949854407957186,0.0384620934950264,0.040295216212945316,0.04104794323446463
0.03791461892008396,0.03612208539825006,0.03731654383861238,0.03298890661473916,0.03586609006247839,0.033274446509874975,0.03022603799227857,0.0363007705130312,0.0321054572359688,0.030284292397971833,0.03253363789032511,0.02905077216224003,0.030266645087838294,0.0359989398305207,0.03154675421324992,0.038927991710056106,0.03516026838788215,0.03487690652525779,0.03926126654793773,0.032004316326350264,0.03907925594196696,0.034978931651653354,0.0347272592681401,0.03278152355912152,0.031034468999617308,0.03346668712948999,0.03688683963469252,0.03594863713921693,0.039069648511153965
0.03563415212853206,0.03361070033326823,0.03961850929211456,0.038467956842176264,0.03469144231269083,0.03377885872428099,0.03122449438986551,0.03295157674732845,0.03607159664097189,0.02663731113045672,0.03294321792927279,0.029774141257351328,0.028439731117994062,0.039547308535766865,0.031039555156899733,0.032523300239883604,0.03358345191119842,0.0337608982659803,0.03728199582701786,0.02816477347491101,0.03477149206678781,0.0339034050324167,0.036046870187560524,0.03774053936766908,0.032607713615610254,0.041184971026539695,0.03743122120049126,0.0391395852800822,0.03742922996488097
0.038140067225485484,0.04499262305202117,0.03812629196018537,0.031939440418594825,0.030738396831551495,0.030874669547521744,0.029256785992520788,0.03606287200299001,0.03449879635633051,0.030666591813980848,0.031447166971853006,0.03032505581662271,0.030010402442644267,0.034337883225243435,0.03481564133129377,0.03574129068517343,0.03282962165196722,0.03999447112584198,0.035148022707451265,0.034726128988120206,0.03334294999809691,0.030427645632610262,0.033124676814656896,0.03245182632025154,0.03264277505274801,0.038054679174850475,0.036440535051061006,0.037273611590016936,0.04156908021831438
0.036696675148259625,0.0397094366095909,0.038021915782925304,0.03145783970686742,0.03140972833986021,0.028710976214361174,0.032274505486115525,0.0336443413323271,0.03768041672096153,0.028302771148760775,0.03554898797730312,0.02956597183215175,0.02841290359836046,0.039581755181658476,0.03157805255947614,0.03417888640881632,0.03361363775885558,0.03543343369711783,0.03868630528568017,0.031062170911120256,0.0379361471457504,0.0352220696397458,0.03475011970208628,0.03177543584908303,0.029902251801404968,0.04022447896191568,0.03703659877719896,0.0399341826266134,0.03764800379563186
0.03779475124585714,0.037607678170482176,0.03935979092759252,0.03608780919252269,0.03171903634101967,0.030220277364660625,0.034127612367076364,0.034170798212391044,0.03479473731497562,0.03085196009378287,0.03029334178218641,0.028727624722041357,0.027976766636218953,0.03772530284807262,0.033357437983338296,0.03814829709744274,0.030226478698583685,0.03450072551232887,0.03762854662265694,0.03424925390349412,0.033406542176145596,0.03467135387920892,0.033188717266638204,0.036965961985130774,0.0339545761376631,0.03823030543676156,0.033987449372180366,0.03857017584954254,0.03745669086000421
0.036298239743561174,0.04015724966051518,0.03376958017514726,0.03477380057966068,0.03334042323059889,0.03321012133848379,0.03222010669709879,0.03849480178706828,0.032481475217478836,0.03248020484166843,0.033097507992481026,0.03001004574097544,0.02909030530411682,0.033396973375588175,0.031220923219651652,0.03429003202376922,0.035294286967323174,0.035332650379249916,0.0358569071372515,0.031625620078712294,0.035508679069793526,0.032774707403993006,0.035671960913869837,0.0350684050457036,0.03156133492129259,0.03849649556424405,0.03939344280669914,0.03934133839743522,0.03574238038656851
0.04203762858568037,0.040552170380747043,0.036170567566382664,0.0340706679475174,0.03214576121902264,0.03255570227417824,0.03205973376071715,0.03392410221212002,0.033805555819747576,0.030122400738441336,0.03411689804497765,0.02968984674117764,0.02919074834737832,0.03565733221649904,0.033058948220417876,0.036489336766717485,0.0317948154337407,0.037185606857694314,0.041604118460294215,0.03388839706443372,0.03536347387270446,0.03203411375073319,0.031443251957985155,0.03498079049863763,0.03174543998278638,0.03468470678415651,0.037555745085120606,0.03765440992013026,0.03441772948986037
0.03421378107038975,0.036816008174193504,0.04662190048525933,0.03469378656412691,0.031548001047662484,0.028828858922457012,0.032179549525776646,0.03942214576044192,0.03262367585989705,0.02909201570580077,0.031470586940672514,0.029174993628378425,0.02826142666287007,0.03683478039286279,0.03644291783429118,0.03544624636388374,0.03205868638261838,0.03369662093358509,0.03448476374540323,0.03139282970428734,0.034522138575536356,0.034266428253255474,0.03445674463895799,0.03481406263534011,0.03065267786242846,0.03703767243092401,0.04300137843301834,0.037887763209306306,0.038057558256374836
0.04216972914357532,0.03852433322905185,0.033562676939213665,0.03763209109661434,0.029016024724858154,0.029372045855866814,0.034277778678567794,0.037551566270326006,0.031109680751302264,0.0279981022529311,0.033640866980131065,0.029403321797791704,0.02845311312933251,0.033959516422534385,0.0341056465451153,0.03453498299984041,0.03174549987137785,0.039931097448649366,0.038481575993816367,0.03393945797225345,0.032404066968491796,0.032427571365754436,0.03142795705358414,0.03690693116795685,0.02991415001746196,0.03815906154410479,0.040367812723964884,0.04228785237365088,0.036695488681880585
0.03912281413587438,0.04133570243057384,0.03890742274377494,0.03417458502146673,0.030391757616006987,0.02980776508428193,0.03107738528102042,0.03517973663264475,0.03389328121110004,0.032110344673352685,0.035334643100203275,0.02924607524770449,0.03028839234305434,0.03530966519851584,0.03673496575712131,0.03295056841659921,0.031693686182935346,0.03316266688482832,0.036574061041482676,0.030809617487191,0.03373626301393369,0.033221377460775275,0.03766896525164556,0.033693777736730914,0.03154975024995258,0.03584690287891429,0.03606069770292417,0.04086831986928201,0.039248809346109
0.03571016834283906,0.034600685092623706,0.041078622792683955,0.034601448940543435,0.03351543216601603,0.03477217635423245,0.030703371231205194,0.03781662126826017,0.03488501370794723,0.02946749729649531,0.029857794137536735,0.02891237259306877,0.029117072674437562,0.036372633923519124,0.03202931397149998,0.03555909387263891,0.03227938512654452,0.035835987832214346,0.035918580658357305,0.03252910080003997,0.03484907694516796,0.03518786058299924,0.034287450283144914,0.03493511637125038,0.03168637555645306,0.04076034371390954,0.03752161779090601,0.037220298236227516,0.03798948773723765
0.03779538719870016,0.04236917057228381,0.037648704022095324,0.033211479904328,0.03176192003108234,0.03157470856795655,0.030796063904143512,0.03874677624018541,0.032329881931502116,0.031277028355747014,0.031138705628898904,0.027929383077427594,0.02832740061525668,0.036218454358650516,0.031935463220380746,0.04117895270760923,0.032609513932079434,0.03513119437363559,0.03421837851110228,0.0303701572507943,0.03354693209620861,0.03433229477715984,0.03733283002671177,0.031932562040521764,0.02995980467812313,0.038324487606749356,0.03768222540789902,0.042498347292228775,0.03782179167053824
0.03954952536073652,0.03546925250789956,0.03588103018562918,0.033813471912611325,0.031171074624546703,0.02953440619413099,0.030690105438317333,0.03789730901522852,0.030583681255767842,0.03170791708869316,0.03223954406158374,0.03177118794775356,0.030208527971027438,0.033474969109085,0.034605942927415305,0.03642318565199586,0.03050448265862024,0.039680175018924485,0.0391299664782626,0.03270279481223992,0.03439584062541044,0.0333365014453485,0.033338160705797155,0.03420371006210102,0.032318912218618344,0.041941450092664645,0.03507163924381513,0.03650481562978612,0.04185041975598937
0.0375383029813762,0.039483149246787586,0.039657762805938024,0.03477050541225981,0.0352011204556266,0.03441957301135971,0.03327817708305732,0.035160315839276715,0.037719991197980474,0.03121231905346559,0.03146494646882292,0.028825591935904882,0.029661972924183665,0.03418603412867623,0.031024517605846624,0.0358820478784458,0.03238216642498212,0.03398647938298494,0.0343044178823233,0.029941697225582976,0.0330953568659502,0.030989642160067464,0.03492128268418983,0.034651925681643145,0.03133360200533371,0.03956126984486235,0.04108320045447478,0.03598513843466994,0.03827749292392714
0.03646589890042493,0.03614824727638563,0.03524998719413087,0.03131387773912464,0.030669491428918883,0.029129094119993676,0.0328994357447379,0.035516812936718475,0.03560039494655531,0.030548475981219136,0.03743709642750255,0.03217355704880119,0.03162839849701873,0.03595982805550377,0.030629762386441595,0.03933838105535588,0.03236545598158188,0.037609994812806316,0.035108672980254496,0.032658059412485126,0.032997304642611754,0.03768817621914275,0.03523434880319535,0.030403120790077537,0.03259120937105599,0.038254597799597265,0.036145828949805815,0.03983316223669694,0.038401328261855563
0.03839313172625932,0.04097437281821582,0.0350887586906469,0.03369585235319347,0.031071397230524427,0.03024143847782853,0.030552207908889656,0.040079160830318074,0.03307489716718333,0.030999519934865206,0.03198085955363174,0.029735048221931314,0.0285672537672782,0.0346710805251574,0.031996002564814975,0.03679034667117107,0.031215201712664,0.035966841969422576,0.03649250587869035,0.032415175389940716,0.03311590320599085,0.03260048228598393,0.03449088066310639,0.03373000461890364,0.03183190692882357,0.04042486203818933,0.04110595848865047,0.03893399591751093,0.0397649524602138
0.037498308051393446,0.03903465397846849,0.03981171001325659,0.03486746769674362,0.034408946403605464,0.03373369671834893,0.03389396684059905,0.0332340236583787,0.03308144974957381,0.030512956343893956,0.031241076108350342,0.029575310278789606,0.03034842935739691,0.035404057225604,0.03307781359644462,0.03641474295615289,0.03546186935390869,0.033344795728203445,0.036623323703431056,0.03132497846885791,0.033839586057388155,0.031247946232947344,0.03197328965561301,0.03472447165078753,0.031748090191399306,0.03723728186371679,0.04006039008786608,0.041429320564239445,0.03484604746464083
0.04173520566990025,0.03834176368822528,0.03653800416680071,0.03308508130970277,0.032991665776425344,0.0318301787320726,0.0356817683605604,0.03711939531069832,0.03132330232532125,0.02964315292383147,0.03096597053740304,0.03122514964790372,0.030491298695057623,0.036615504286352255,0.03186171289161223,0.037910762839102025,0.03408622403093906,0.03568842026541653,0.03489987517766033,0.02964251291021048,0.03160589427824291,0.03283377111699108,0.03597308649623788,0.03212946247528599,0.030480851308101888,0.03594578878400735,0.03691489444142763,0.042551480130902326,0.039887821423607396
0.036855729822338035,0.038780126775713665,0.03749667720473076,0.03882652942417264,0.033667075439630115,0.030130801176006833,0.03183720376556622,0.0395824286878948,0.032651655573173295,0.028733741197536855,0.03377871230309472,0.02776239919508542,0.028739409205729004,0.033374232644688924,0.03505812346681143,0.03596938233548084,0.03138025426224459,0.03375635610766968,0.03560797890168198,0.03028156600994205,0.035352735684042236,0.03422689377317189,0.03698742410897478,0.038764382248572246,0.031639602262181966,0.0380990016669095,0.03517217029083631,0.039128425590938584,0.036358980875180615
0.0413216546466153,0.03654546767255458,0.04043172947071132,0.033128119060550465,0.029297988432163108,0.02867248574169095,0.030209151354242948,0.04040302095557937,0.034923406143652386,0.031463475909029905,0.03464947597509133,0.025997626111158006,0.028068089580072442,0.03803772988028842,0.036633586417536154,0.0363403267302717,0.03037573647017906,0.03525756832468347,0.037571319419779384,0.031208869750477215,0.033288734533443484,0.03199541236924873,0.03464110769085131,0.033822852893712084,0.032262107686058736,0.038268922055672075,0.039970087700752194,0.03887492392959553,0.036339023094338396
0.03728364415482359,0.042322741781897016,0.034747374846512045,0.03196326598561376,0.031917794328383695,0.030356059832488014,0.03261285724080823,0.035690235736115315,0.033065359794414294,0.03111870033135481,0.0360249683635543,0.028113914799843365,0.030364310818099604,0.03462884768030608,0.03169375971727908,0.03645252329045244,0.03610507636484369,0.04123935272053616,0.0373606845187182,0.03467711244771715,0.03341661024086471,0.03354356402240094,0.033550156358819735,0.03274007111915238,0.0306036191432948,0.038714809455124705,0.037181900909219634,0.037166160385104605,0.035344523612257664
0.03797275933892642,0.03533827431069691,0.03562763151988232,0.03526833315961771,0.030659220103508078,0.03168521821047441,0.03426444083845755,0.04164573341813974,0.031500219503350455,0.03126036809128132,0.032361400395553255,0.0302100685100067,0.030740541270902543,0.036559425132311876,0.03385559047241368,0.035265442919704286,0.03501415063530002,0.040602016463519505,0.03767476260591557,0.029895524872990686,0.032695433769364755,0.03167280502454164,0.03629457003293418,0.03502288324532112,0.030703518548748466,0.03521139544816184,0.03678178133087468,0.03667856820508852,0.03753792262201175
0.03603273243850295,0.037640857470629466,0.03563361463411212,0.03471633720939452,0.02945311491684577,0.029477914149187778,0.03321271540756098,0.03706672071541558,0.03139930736566309,0.03380413535698103,0.033602652775344334,0.030335974761732436,0.02801821923492166,0.03721075834632633,0.031072776859115393,0.03355068562244485,0.031204860597922702,0.039636520387320816,0.03841038503797819,0.03011262635011667,0.0338186342752403,0.03733831017014795,0.038018703489715845,0.0350742565367559,0.031179444961939223,0.03675710961914143,0.039510194228208784,0.03776422441198049,0.038946212669353386
0.03673345181935424,0.03537966937707374,0.041034799584516515,0.03684834001174225,0.031249620941105106,0.030534356772771575,0.031432921637935894,0.03254051374157158,0.03308935015114484,0.02915597521749403,0.030999711872975223,0.028372560788983446,0.02908796239863114,0.042895454389639306,0.032024045742812375,0.0382113258814901,0.03429611603342787,0.03389192009595944,0.035927217646788676,0.029210740848698215,0.03168166921687637,0.03328202479699613,0.03467853465995051,0.03724939016547364,0.03555920707802916,0.038113618117455214,0.03758195669183666,0.0384603217899532,0.04047722252931366
0.03539894858542982,0.04359659973029036,0.0388303435886545,0.03431837454450517,0.030090435610128204,0.029255328028689916,0.03149151809267107,0.04083461989728607,0.03719843148778279,0.029249812264580087,0.030679603903919318,0.028888523493930097,0.03158320803602905,0.033159608437136334,0.032164893467653305,0.03609979479577459,0.03303703183460208,0.03474875021153523,0.036772442995761864,0.03139053506176639,0.031970834962430465,0.034544718590342874,0.03317344427479439,0.03400051876470116,0.030287934171632825,0.04336100032142343,0.03602284868399442,0.04011096101716173,0.03773893514539248
0.0339173585140584,0.03954187927345931,0.03792005482467316,0.03535647251702489,0.03076762039475996,0.030996367453785662,0.0321459332647522,0.036214011584314816,0.033990144751000775,0.030647120003897778,0.03353694025416341,0.029832597917130978,0.03086754239351387,0.034265460690833985,0.03612065508962903,0.03522375604999196,0.031145473720653082,0.03375179723893475,0.03729218505181564,0.03459522474784195,0.034445085888708094,0.040304950369171574,0.03396621408580029,0.034597699436060655,0.030793376641397797,0.03925178988422651,0.03716350061606372,0.035200467945763696,0.03614831939657208
0.039209272031409746,0.03616634362451311,0.038100020558699946,0.03354399467087443,0.03280970255060772,0.031064979125007563,0.03037640782341956,0.034314122008222266,0.03279818128584157,0.03186583179539425,0.03162520395386833,0.029721659372879117,0.032194679112014554,0.03470677993857393,0.031755973756415444,0.03760363994713835,0.03489118546631751,0.036209905290750126,0.03527869100828647,0.034526196925943775,0.034445639620527366,0.034108946653797045,0.033408178528122015,0.03374391387114946,0.029753778493681958,0.038438807378601295,0.03977283441082373,0.03762144682723839,0.03994368396988092
0.04504389243996802,0.03623332852767168,0.034009503680270635,0.03251261355671977,0.03250455142710539,0.03340943444104651,0.031546444205212826,0.03529129901966118,0.035973225615664774,0.030379495194199524,0.032283559796304824,0.031402101930414,0.02847565435248407,0.033261071830610424,0.031094461186190425,0.034944543650214085,0.03152479927308685,0.03775222649691158,0.039072828820105036,0.031917259251051794,0.03283203095257852,0.03522832892788044,0.03528515235618536,0.0325337104091156,0.03416532213627084,0.04083389093784979,0.038360425297910346,0.03507934493339463,0.03704949935392107
0.03630257579687575,0.038666292605165006,0.03838795988034939,0.0322672936532367,0.033388911751933474,0.03014309526277169,0.029733823356024675,0.03581422684283173,0.035859098437055356,0.02925582143515591,0.03290998755591268,0.029979089144079697,0.030782184657958612,0.03420215663394095,0.029617601743064208,0.0363020597979551,0.03223226119433844,0.039368198062916346,0.03671572214850437,0.03219832063898459,0.03575592778708727,0.03216570464268259,0.03443520867624195,0.0325847581495317,0.03545328205476879,0.035111451404539966,0.03943847399260704,0.04410415130949932,0.036824361383986724
0.03445439434906924,0.03647432845329964,0.04108752596303593,0.03431045605100663,0.03486116522599016,0.036613582871065614,0.034639315441606644,0.03516788435180858,0.032259779259726847,0.029053222698658326,0.03068559072798016,0.02882708889841905,0.03233445833072286,0.036472272719887504,0.03203563910568661,0.0372151827684891,0.03312946561341344,0.03600692019724083,0.041729768337688634,0.02953391258100966,0.03600443502545454,0.03133478267440796,0.03543357882834456,0.03424177863191512,0.03142876272051761,0.03831029865041198,0.034852634580925065,0.03580710611218201,0.03569466883003571
0.03645468208383022,0.040618256217901216,0.03853356350697608,0.03507822146317172,0.033231669734854585,0.03362306528500062,0.030982124946046213,0.0359380460861979,0.03431410301097271,0.03129348901703875,0.03216011113159316,0.029575874026021985,0.028974497537389225,0.036258971555284056,0.030704716735395605,0.036097372110401406,0.03211939609771619,0.0356959249900365,0.03447688203397763,0.03288128995140473,0.03489510035187826,0.034867750702083145,0.03636125694164649,0.035468257517631455,0.03140062758366803,0.03552609693077032,0.036287157292791784,0.0358147110040288,0.04036678415429122
0.03835296332636545,0.03802729661569347,0.034751589189855284,0.03397476215995887,0.03303300349666757,0.030139070344707676,0.03212879366477985,0.035951003337690884,0.03743989922457558,0.030851999578711497,0.03151229015886966,0.029019878492934387,0.030836945662647615,0.03543338800473718,0.03213985477353297,0.04050356628131218,0.03251607658724915,0.03861896691108545,0.035168529260267326,0.03251649126581683,0.034338287145483155,0.03523912963758506,0.0353348263016602,0.03302691971954373,0.03173664735031815,0.035227394510170845,0.04011156123184025,0.03676804850337716,0.03530081726256262
0.03674607051937318,0.039481633962125895,0.0392975817438031,0.033276601300526135,0.03189712225038819,0.03154387460025137,0.03182074585976532,0.03314065290814623,0.03684415190896062,0.03226588073336163,0.03464391897131327,0.03081516593600368,0.029758875245447246,0.033852549282721675,0.03353115495894522,0.03712610217534846,0.036001997879099946,0.037985287839294446,0.035149659647858995,0.031835254316284686,0.03575791823760016,0.03582653017256486,0.03523048791589961,0.0337034057849665,0.02966832703685936,0.03479270742934259,0.03521436804413489,0.03476293634441953,0.038029036995193194
0.037656762541020836,0.039052997826453176,0.04016375284279389,0.03381884144160451,0.03282660835192743,0.032882426998512675,0.034268562347649134,0.03400629404347832,0.03293593128006799,0.032613713135693764,0.03232490706067853,0.031140178134183592,0.030994038479665392,0.03567104720607415,0.03267826598308098,0.035965362153843126,0.03400571594526316,0.03503693525319762,0.036294227942277865,0.031105701452631595,0.03551467610685365,0.03376415105523428,0.03279745149770815,0.034931405442787826,0.030474579630510056,0.041104735554983084,0.034967387626535916,0.036006953819240135,0.03499638884604921
0.03843291234124073,0.04174373144616826,0.039018309347135044,0.03465521981339009,0.03280178854201321,0.030925326123542457,0.0324949709899479,0.0331992048214685,0.033406981471216526,0.030069885537476145,0.03161345420995471,0.03036752901805804,0.028985772570440153,0.037134996329136714,0.0340125038270571,0.03697443446625522,0.030157487698041018,0.03867717829920762,0.03525400895355362,0.032309423948833245,0.03346984309987237,0.03438194648907048,0.03475205477339406,0.03559877241136041,0.03408965875260665,0.03569119482445695,0.03471314490269689,0.03533621763885598,0.03973204735354993
0.03832278083744603,0.03541982783193248,0.035276522513626125,0.03455402631255945,0.03302866404539566,0.030578593113277618,0.03082559778459943,0.03295056612497638,0.03517927457117712,0.030414746620212707,0.03655448710307752,0.032677643142955556,0.03132399115054475,0.03597484863827677,0.0343006878541965,0.035291350713274196,0.03422446358174018,0.03466936045752581,0.0344585783592532,0.030712892145992005,0.038729369275806565,0.03506706599103472,0.03239041817634756,0.03544785164972809,0.03368015876370938,0.03667033946072036,0.03846418694783359,0.03539074379604099,0.03742096303673927
0.036184561237803524,0.03999727313545493,0.03618799295088837,0.03400257221690849,0.030920149152628827,0.03271734041847125,0.03138316148221319,0.03616049230625818,0.03520213699911651,0.030441876673122044,0.031295527582590674,0.03140575291422753,0.030083626840067202,0.03314958638779282,0.03240938154154394,0.035411878509391204,0.03250169592320186,0.03796492873899902,0.03591393917106094,0.028885237033601584,0.033991030535410575,0.03203223764010834,0.03712391598223333,0.03403058054142925,0.03570398486538745,0.04069451139915105,0.03625110924115137,0.04080292198860811,0.03715059659117841
0.03755928528261403,0.03721585039797463,0.03921830118736676,0.03821862322306275,0.03356391877794546,0.03431831409679167,0.035450854305067954,0.03481660226511177,0.03217207720932059,0.029967548876417272,0.03241753393417643,0.029185505920231898,0.0309325141494121,0.03651323679039549,0.03171972762962855,0.03384279760780565,0.030971334908772453,0.037101814174014085,0.035159033095527426,0.03174143164128177,0.032106205322600376,0.034801194118462685,0.034059584748179425,0.03728926950768317,0.03220391436925326,0.03580322089134864,0.03586094265268161,0.03727738289835605,0.038511980018516134
0.038709051626480154,0.040339557597255694,0.03465359054419924,0.03342384649972532,0.031998450903737576,0.02968798644214623,0.031024477091705964,0.034584586926939144,0.032779733586963254,0.031170841298632825,0.03354763045704644,0.03045743375043613,0.02879756750289069,0.033645625562323964,0.03427368291287175,0.03582258030919178,0.03250857631609177,0.039723524506302,0.04172119398474717,0.0320407011216155,0.034152206445370495,0.0326657841274367,0.03494433080071854,0.03350071936394746,0.03293124112517237,0.03387687544360435,0.037278790297846344,0.03642824363271077,0.04331116982189035
0.038266595258641276,0.03989440237422961,0.03707852776152568,0.0347050739434552,0.034101463981610805,0.029668773375601788,0.031568667348892444,0.033039852208042494,0.032003879847665964,0.030063067612806256,0.03368081528933993,0.0316149728208306,0.0314045403935417,0.0321058902659697,0.03385538914943779,0.04049323414650803,0.03416134344298448,0.03725730401006343,0.039963875527388545,0.031976725040849974,0.035689681387788046,0.0356150152612063,0.03314017360628642,0.034657769880776665,0.03192608340546386,0.03582072233393613,0.033340743480568515,0.03632590854633176,0.03657950829825661
0.04095265202287337,0.03750536941441769,0.038930232988012695,0.03418103560060024,0.03227728303631129,0.02944192986875165,0.03326989505725836,0.03479124314061633,0.03511958991434044,0.030461851811713764,0.032302519171468876,0.02755516409961592,0.029781527233699555,0.03570360689076701,0.029420396101383296,0.03717950086649473,0.029872321621156085,0.03708898800375054,0.0344898914602595,0.033750037696832755,0.03214021981913601,0.03315688826238231,0.038975776633146074,0.03426100635704886,0.03226187472035434,0.03643693693374483,0.03681750783142523,0.04164974294449171,0.04022501049794657
0.046960005827996386,0.041594816133685944,0.040490689716597125,0.03633233091764275,0.03039435802683339,0.03064435159792637,0.03279673085556979,0.03487919920958837,0.03430367091110031,0.028436215201987452,0.028865872842399776,0.027733080605171722,0.030447018665085507,0.034042939824906804,0.03249711340612893,0.037685478898054625,0.03212811951211625,0.0355204771155687,0.03662522232438038,0.032537456369178416,0.035088839932021755,0.031151437743192012,0.03491417296911636,0.035053540845020735,0.030389033930299975,0.03460477463992011,0.04132565160651451,0.03654650112512865,0.0360108992468668
0.03927686796619134,0.0387822206829278,0.03674563430937024,0.03482910262670617,0.032018260423308825,0.03190995702000559,0.031552987404127944,0.034841357524564416,0.034993550701962015,0.02912689187430762,0.03213888147733614,0.02985030442383802,0.030376316874250277,0.03469621331410975,0.03405375998171697,0.038453995925567565,0.0312917268834481,0.03828340796311151,0.03625286995208328,0.03199818208369614,0.033737774440600145,0.03522290762175127,0.03410190329896753,0.03551060861418803,0.030092927737417417,0.0407763551410627,0.03874014606456823,0.035216200956096996,0.03512868671271806
0.03369652887577818,0.042082448386569035,0.03841101266425367,0.0316004830251488,0.03128528452916464,0.03245888953496425,0.03247893187004958,0.036954717943451815,0.033067095513422365,0.028301442426584632,0.03350019333814718,0.02994704886198147,0.030646588411663445,0.04015820292455988,0.03425346386290175,0.03720054506490146,0.03151955367960656,0.035085001458450546,0.0351907185700451,0.03284119300842736,0.033198905531296855,0.036703429954242986,0.035023889648806705,0.03216429606757719,0.031650512855571765,0.0360131863809859,0.03579310670493001,0.03867718100243149,0.04009614790408544
0.04098883459066349,0.034612170424573915,0.04221561016278006,0.03765907134420969,0.030753744279968097,0.03042390027546127,0.030056230050347042,0.03224125094773468,0.03006080611077937,0.03159088224647095,0.030922160649018714,0.029985172218502325,0.03009520720691463,0.03860938485182808,0.032188078137032436,0.03595863903650816,0.03081694181200275,0.03582061138988364,0.03465783992801529,0.03389047727827228,0.03387141442321449,0.03289895720290067,0.0361244503201893,0.03683993575537899,0.0317869777458125,0.03427027542411197,0.04407454126518685,0.04274173221370792,0.03384470270853042
0.03609939702173842,0.03604583806265255,0.03573009498253045,0.03328702178879879,0.031178143605543086,0.030452669191464294,0.031931797742949505,0.039547531462600274,0.03845710295871482,0.031794218977095966,0.03499743575974459,0.029581191636224462,0.02924136699807727,0.03645515938042218,0.03250616625214366,0.03258890587347813,0.034681149609383025,0.037567164715239146,0.034845352778525296,0.031169051991045943,0.03271844351251269,0.03248264814747361,0.03755706234696168,0.03282041595339476,0.03444469547889851,0.03800900147929793,0.036059335345222696,0.03717179079788463,0.04057984614998171
0.03696656575436448,0.0364912530935398,0.036377909292923685,0.031957813464986926,0.034378456691021526,0.03316807262458447,0.03497052293189564,0.03528567802737885,0.030964768617270592,0.029911682883968616,0.03230686416445293,0.027770430654275896,0.03163781037924875,0.03759030291330016,0.033215152777030264,0.033502406093327476,0.03398769447979246,0.03812368499144551,0.03928351538309696,0.03217283295536939,0.03371337678092427,0.03519563885777387,0.034318412531124984,0.032249435652169735,0.032959820672325266,0.03517895260370971,0.03646733483548338,0.03994427751604645,0.039909332377167935
0.034833965347292564,0.03954556004850959,0.036905825250695745,0.03464750927214608,0.032196952915276536,0.03123395717508822,0.030356303280543628,0.03466597509616023,0.03271494898761712,0.030777266465356345,0.031537867257780135,0.03102958552194432,0.029527093371815565,0.039117806301033134,0.03361822427903257,0.03560479223193351,0.03547926770462282,0.03663588461320143,0.03785693615282913,0.03271203023691967,0.03599742380369903,0.03433666793081062,0.034991997357588046,0.03543471449773581,0.033529422459541366,0.03680452146645343,0.03486373052810963,0.0373280884686147,0.035715681977649086
0.039173003539124215,0.03851132029226453,0.03940326901195794,0.035127072732685075,0.03625582808253507,0.033913404620807525,0.03207138193960946,0.035391469183258153,0.036525803323691,0.029524042719827483,0.03246095794141078,0.032983760302565904,0.02982731287191036,0.032931901045710386,0.031196133965470708,0.03683165468982467,0.03287633979549505,0.03472458759013856,0.033810384415737776,0.028017656446007472,0.03169908425382227,0.031048108891336846,0.03488527226331331,0.03459802507526573,0.03399446735970606,0.03717857048802174,0.0396924311844378,0.039280995838443425,0.03606576013562067
0.036403347499840644,0.037928855041898885,0.03724266705227043,0.03240553850747137,0.031615866493585186,0.03241458216771863,0.03218337740416091,0.034659734950803454,0.03364030662239816,0.030142076464529856,0.03233694124568025,0.029075485690387298,0.027920817978859303,0.033993403331073306,0.030736726832089677,0.03641300704457754,0.03254201963634594,0.03776550109016754,0.040453964368375436,0.031122571154928967,0.034905124713044924,0.034815775484395836,0.03249829320610452,0.0322606376754759,0.03307063060560778,0.041178757616147976,0.038674355286367215,0.03696111720765476,0.044638517628038346
0.0422481504565626,0.038102189821447995,0.040814202370372164,0.03608254254653724,0.031229830289903632,0.03090655644222956,0.03348306550978701,0.03411602785829909,0.03152219391325538,0.031132204057253744,0.03241040356060435,0.03259151382123512,0.029470349169509864,0.03268917376167728,0.030468671884169483,0.03887586984581687,0.03141104288427724,0.03274734189377354,0.03399191434880796,0.029788035157684144,0.035756643196634054,0.03248368370133401,0.034015105422437235,0.0349802396268304,0.03200332632844371,0.04262333730944204,0.03940892162704261,0.03371521500443105,0.0409322481902007
0.04049845883118066,0.03732355534428912,0.04492218714075826,0.035016812566268325,0.03163145131562283,0.030038337297966945,0.03217627303654723,0.03542502433989948,0.03154546939480993,0.03212154887321853,0.030756933130624647,0.030876046560540493,0.029247974617184147,0.03590203789227425,0.03370662712563383,0.03344724892469565,0.033835124385098655,0.0373482853842724,0.03297171677267348,0.030402944693673974,0.033903701122456734,0.03502571607093817,0.0336387983079416,0.03502699539543595,0.03286293726699864,0.03465608752834328,0.03695548434208092,0.04163281927192776,0.037103403066644114
0.03774424164211265,0.04023032292420521,0.03805913862731064,0.031147511516646166,0.03798089607314695,0.03548466634183658,0.03310640560190499,0.03504245721265699,0.03502994766423309,0.028196601541316747,0.029830485144580567,0.02942490343153343,0.032006281850878865,0.03584555566339921,0.02971160749217903,0.03571287449261244,0.03377278283031757,0.0327804588007186,0.03510906710369874,0.0335830112262401,0.032887506115190035,0.03350373780035001,0.03576585755550884,0.031872799409195254,0.03369496449724018,0.039381432194910596,0.038250067960097854,0.03568915357488221,0.03915526371109647
0.0399128377227448,0.04211716144846648,0.03414259164748143,0.03335735275148346,0.030255346438560482,0.031157919864065197,0.0319298713687831,0.03399133193979337,0.03407745058729465,0.028804938914296842,0.03455657116549214,0.03020264144930427,0.02933000581053321,0.03400162848940567,0.03029330423774837,0.0374958642386584,0.034270922521695696,0.04082598859731982,0.03972084899429866,0.033151835127773796,0.03416600874545121,0.0333982171191227,0.03388608191428647,0.03384061216500092,0.03532164762147407,0.035230453083197825,0.03548511920218588,0.03840987983594637,0.03666556699813476
0.042094219701369236,0.03674645568627345,0.036333153038971874,0.03344148948851277,0.033121635142272135,0.030218835713917286,0.03155496812583917,0.03550100756835375,0.03256131011196985,0.02870809432722061,0.032714733569689944,0.029035865249372766,0.028183512929304988,0.03367757828826349,0.032538810017788085,0.03635409096637635,0.03202334381125952,0.036740711015086955,0.03628594196904569,0.032353719110576995,0.03618006193907146,0.03409574645624015,0.03455760082780222,0.033947120335498814,0.03176263361447489,0.04089990428069936,0.036333572781036286,0.039957463023821485,0.0420764209098904
0.0348292077262255,0.03528260059893615,0.0396969038963667,0.03545093418889032,0.029996604432620772,0.029742584458789384,0.030439492270036818,0.03577313399343667,0.036574957229292895,0.02886109883797605,0.033154991671791964,0.027648818074559177,0.028898151201043904,0.03664819001062149,0.03152919135729894,0.037371400993267787,0.0315423672286644,0.03663497791174652,0.03410725434312794,0.028222233094041947,0.03303742384930711,0.03462091503985644,0.03750273081585716,0.03521359871590708,0.03056909751596637,0.04065631792447025,0.043163602717845216,0.0383632446138114,0.04446797528824363
0.04107113590015819,0.03729831879517549,0.041874126367243955,0.03295577891255833,0.033728715357042034,0.031749830287335246,0.03080028563077023,0.03424021218341927,0.03204142360671554,0.029880194312808854,0.03303662400444355,0.030586785480590982,0.030520087342213086,0.03754113200921403,0.03071002461301407,0.03202414202506944,0.032241687623340766,0.0393878255706148,0.03733094202069749,0.02966597823177434,0.03269730029580693,0.03326264024846451,0.03593044673910709,0.03285296016746404,0.032983421225745886,0.04173065974802745,0.03529606366763027,0.03789426029606357,0.0386669973374906
0.03743109466706086,0.03786072976677141,0.037240631121450304,0.03206010064193986,0.03151917279140996,0.03258194190252709,0.03241708223271193,0.03762947792283365,0.03370395516724758,0.03267031018616551,0.031171322036924583,0.02939268190870358,0.02930902834484216,0.03306063826174277,0.035430299131065934,0.03704461128109698,0.030888537373245078,0.0364785855762592,0.0401307862438874,0.031565251304538536,0.031537419567407535,0.037112855306746094,0.03364632051991894,0.03136674004034144,0.03175987087862995,0.036952219504462015,0.04036732262814942,0.03681455187122686,0.04085646182069341
0.03610230493935342,0.03707949911342802,0.03982800434219644,0.03212375824285325,0.03299563078446624,0.03203187905020355,0.03298327302084275,0.032668782880356836,0.029347458385968063,0.031778853897800136,0.03474418178018764,0.03076253699630051,0.029650926087791053,0.03517871049387762,0.033558222424260056,0.03339049974505891,0.03527705951879445,0.035663972710208575,0.035937902104306065,0.0321440485349456,0.032563890588107824,0.03668357663205675,0.03792413711427802,0.031743304146369125,0.029470435046454645,0.03611961149455021,0.03895859206939238,0.044259375359343205,0.03902957249624871
