wSMI_1,wSMI_2,wSMI_4,wSMI_8,p_e_1,p_e_2,p_e_4,p_e_8,k,se,msf,sef90,sef95,b,b_n,g,g_n,ft,ft_n,t,t_n,d,d_n,a_n,a,CNV,P1,P3a,P3b
0.03386027377610418,0.03733638468679679,0.03792540906831582,0.033842831344124344,0.03133529469383525,0.03078001059233425,0.0317005603541207,0.03794184487811551,0.034625462790596494,0.0293482030262407,0.030599819121629956,0.032776505961119626,0.02956784514765499,0.031192790929935543,0.030826201761135548,0.0405919260550195,0.03240984702943988,0.03555881039161847,0.03653610112038501,0.03302621461644819,0.03086245482804048,0.03450029096961258,0.035306923689808874,0.03379653920541915,0.034031867935653215,0.04171912185434872,0.03887618342292201,0.0408897512777288,0.03823452947149538
0.03403816621305255,0.03530443303723579,0.036793300792678715,0.034721226773684395,0.03125518617331811,0.030301392878201504,0.031397273997318904,0.03704805384358297,0.030453010618843333,0.028733442377501573,0.03451777396646514,0.030095308027615765,0.03010668396393701,0.03589549667655784,0.03288549603421673,0.04197300995457574,0.03210399530825647,0.035846976831536016,0.03863371951729398,0.029555358790659368,0.034950965591506365,0.033116803790233997,0.03623123969287757,0.03361761591488791,0.033937316974341394,0.03848775012213081,0.03838012487580704,0.033714775940556156,0.045904101321126975
0.03712213326273652,0.03977050340037538,0.03852138771170569,0.03551727271951123,0.032686494969469015,0.03037243886819087,0.03180270487075185,0.03514619888444335,0.034394445008047066,0.03037645982369367,0.03098477470916553,0.028277217884421096,0.02692530995289628,0.03504352322788502,0.03082443117345916,0.03639879822733237,0.03231539430864932,0.03722828424902694,0.03667892054202025,0.03178452904313573,0.031033216316499624,0.03376752807521259,0.036076847629743544,0.03661861858414077,0.033248523891304435,0.040731956900146124,0.04229238699631795,0.03516150239593898,0.03889819637377971
0.03665266374735164,0.037352581951246966,0.03469744717912715,0.03246794187266399,0.0369390137295945,0.03524835064357007,0.03401178263583843,0.03433131356600573,0.03349387609969508,0.031158796959692907,0.03156376681847463,0.030748036712834104,0.031017635484860168,0.03738179570343398,0.029300827366106126,0.04066350619178897,0.03186190949976223,0.03548155321342219,0.039328180240732674,0.033855267415044354,0.03341573438700944,0.03366886946768547,0.032501961862360054,0.032538891064201554,0.03185499882046454,0.03871407226603882,0.038927845827845656,0.03547251723604126,0.03534886203710733
0.036379068010238325,0.03606082881075068,0.038231896733947904,0.03062537791859376,0.03372866564473506,0.031332072758709265,0.029591247130461535,0.03586816355099044,0.03539836107857632,0.02914539789149323,0.02956977600661228,0.029237070655886044,0.0297691105255934,0.041102266097812035,0.03453350767733223,0.03533012194112987,0.03160255357521286,0.03706477884874333,0.04037691832492765,0.030824929642490333,0.0334893471089443,0.030913762697984164,0.03427769572108124,0.0312803251360109,0.03319386662687875,0.039816230637912495,0.042177378537539764,0.040055898635285525,0.03902338207412636
0.03598581693010726,0.03297588285302423,0.036844593672975004,0.033000096878318744,0.03261834108713369,0.032246244346834804,0.03190627486339394,0.03964108138407102,0.0344182286036744,0.031493494485718185,0.03354923368983846,0.02887348689098752,0.026958413085655962,0.03396801354214361,0.0326500854534444,0.04081290377725414,0.029531841165925315,0.039148456819712144,0.03725477338299225,0.03224157125890655,0.03593807069040421,0.03160901035384833,0.038753069100414796,0.03402767170739709,0.03397971276845503,0.03675693089484312,0.035343456830203734,0.03764881348155935,0.039824430000762745
0.03593275454856022,0.034778301020937305,0.037416202334776535,0.03070144569157664,0.030781680340303774,0.030784687664116572,0.03158213464396219,0.034023939314226335,0.03214234344719556,0.031006667410967192,0.03237869266305702,0.03113999669271785,0.029501264163886896,0.03630751188047558,0.033466672372616184,0.037284834137500014,0.03368979386503214,0.03563718018606344,0.039749228544962836,0.035275538022068474,0.032940134285774525,0.034483322428232856,0.037630918619503836,0.031543704767313406,0.033383921221009465,0.03950247840495661,0.03987115209438661,0.04068617766285078,0.036377321570969144
0.03914503292602641,0.03606255198062093,0.03597586031439291,0.03554988680406999,0.03392012747561647,0.032059928707323194,0.03207114099542626,0.03639892011793815,0.035496839921697367,0.033248300834368805,0.03394272415139142,0.030490687633747893,0.030716707761884253,0.0422378813812458,0.032739572014533105,0.034641351174927774,0.030720973246669316,0.03211975074937662,0.03597365188599505,0.029012897891076785,0.03423534039155526,0.03168014281710945,0.0332420820312838,0.03532891672100653,0.032952618318798164,0.032964010563218404,0.03930995817833157,0.036680095398516806,0.041082047611851566
0.038426414843615295,0.039841227230179466,0.04091984794150888,0.03423807662677353,0.03418440218988733,0.0308659952668818,0.03486694144665705,0.03635166798047375,0.03467363364440399,0.029439841288397384,0.03189332392560629,0.026924593996176627,0.02838310979231241,0.0362893431702793,0.029730462560294706,0.03636350974155949,0.03223408232262074,0.03583173051136885,0.03593582158594479,0.03267672668265671,0.03349268578758421,0.03261555063007358,0.03671940549871254,0.03374560541716173,0.03342412891233258,0.03619004207469801,0.03952496231169158,0.03711888914606148,0.0370979774740859
0.036543718102389586,0.03588944495903124,0.035372319595927425,0.034516172207484895,0.03127015182910635,0.03426627816527764,0.033973818775113976,0.03427268557673572,0.035981689757755383,0.030203317140605007,0.030825192049382964,0.030584680449669582,0.030424165154821697,0.03620355370444471,0.029610947312041964,0.03890927164228575,0.031662828828405126,0.03649932682814029,0.034834079736568255,0.03051754728473024,0.03051785929358995,0.03425607774443555,0.03662495595805058,0.035329801824732096,0.031050033521191633,0.038536048085137255,0.03686297530352099,0.03993275380330872,0.04452830536611548
0.037968076093593296,0.03533493304616157,0.03771287381018505,0.03104475380510462,0.033196711403678456,0.03138354215941067,0.03418206951082525,0.0327222967365782,0.03288665198796219,0.03053740469927018,0.030443490311545578,0.03158669689964959,0.03295026833092742,0.03449020596999409,0.028810715582273383,0.0385133091560189,0.0343698878028886,0.0368034404985632,0.03671354960678221,0.02973553170013865,0.033785252389891836,0.03349896330480182,0.03726403384956119,0.03061065156485429,0.03194704324887671,0.042917999364931424,0.03936159016077791,0.03710520766047494,0.0421228493442788
0.039303598819436236,0.035421211206568444,0.03599361283150418,0.03278099397870851,0.03418681321286787,0.03210336387554448,0.03474694604043126,0.038545834638463394,0.03239981935396684,0.0300220836396057,0.03515546475973356,0.02971883396770289,0.029187890371262577,0.0355879502326894,0.03143344020910679,0.03665990730265887,0.031001087049920224,0.03139439767620451,0.03835884390794708,0.03106342054641441,0.03308872345290388,0.031501822330427726,0.038835527939954574,0.03303839543537594,0.03115873015989295,0.03838561724517352,0.03939844340016106,0.041416287102648316,0.03811093931272484
0.04346287524370255,0.03721623255900437,0.03974598452775914,0.032633925050905954,0.03282200141826543,0.03095605366662908,0.03303445562773062,0.037659670983661714,0.0342393884023261,0.0283619209159379,0.03350579863493531,0.02893740998687875,0.028879739613312038,0.035735853204078606,0.03177625966662471,0.036095759627936395,0.03193844042846139,0.03389198289208935,0.036914402384591746,0.0298861608216066,0.034202938800496005,0.031859580686704955,0.03569058135215159,0.032294327644519186,0.03249802576243712,0.03816234461813165,0.04013061841980524,0.03770204968929328,0.03976521737002329
0.04072684085127217,0.03466238740074251,0.04079914876522657,0.0364804968411855,0.03603778657860005,0.03364310047632625,0.03401503638280852,0.03280178213409332,0.033894007000684644,0.02759392741406087,0.030567862965978465,0.029617208368733928,0.02812106319760758,0.0349951127733054,0.030955778139201688,0.034525922448621724,0.03240532576641999,0.035640300446614134,0.03758975934254762,0.02880498996496248,0.03232964534705533,0.033906282769419815,0.035605383479467796,0.03563950722220531,0.03468459142545178,0.03556709621441081,0.04048501510610923,0.04002141019015103,0.03788323098673552
0.033723486408810545,0.03515277170979626,0.03996074957754482,0.03326225360353842,0.03274032681355181,0.03225582561140042,0.03541243031528688,0.03972269600882325,0.031161388466401922,0.029738452033227947,0.03166552236788122,0.028970866613863465,0.03104572163195169,0.03841224236531092,0.030571730738374298,0.03851197846447649,0.03281181002325014,0.039241391546701684,0.03642690226284163,0.03040859063812869,0.03350477662551604,0.0332987785400494,0.03544273326207943,0.034281484694850366,0.034836689261845966,0.03806166507961621,0.03542415123852697,0.03754645602172589,0.03640612807462723
0.03992464168506719,0.041612288413468465,0.0396259107996506,0.03315372380145226,0.029590511877671432,0.03040766491239167,0.0341946067174677,0.03525679826401669,0.03181893460129281,0.029884736789133844,0.030611002968850064,0.028386665386358034,0.03308939600341106,0.037960780520919384,0.029603761541936214,0.03944768988960686,0.032599579817668596,0.03433781873438779,0.03700117262969078,0.03177553878262631,0.029106938230398206,0.03751080971267572,0.03711532500537841,0.03437964349462798,0.031485384285718544,0.03821073785371008,0.03967882007016216,0.03612339274007288,0.03610572447018831
0.038547039029753635,0.03792957409967934,0.039229252116120196,0.03488537404595936,0.033620794889715463,0.033035341822463704,0.03414013231606975,0.03858317417537697,0.03369488337034425,0.029588611936720417,0.031052469343526613,0.028464586361234757,0.028525375331680376,0.036237597242815,0.029076225821376988,0.03812802034701066,0.03233888357458577,0.0335087034788733,0.039831789229836934,0.0290973190757751,0.03060239193692561,0.033446929849327164,0.03557009177583047,0.03468878545393281,0.03217229814614213,0.04057049658522036,0.03781020460986739,0.03700126527584778,0.03862238875798775
0.039273684771161076,0.03951047888376465,0.03924389448566766,0.03394895438244437,0.03230500444453881,0.03322846820764302,0.033666039819768054,0.03692620040124895,0.03374719134330891,0.03158891291223143,0.028915584200647826,0.03051613334681121,0.030364469752720075,0.0355298720698258,0.03200245473103925,0.033245007590842326,0.03224568547448605,0.03753513540029916,0.03917595288184752,0.029510939171918514,0.03081423465718188,0.034626966665782424,0.03241488980985668,0.03500816515986389,0.03383638622252945,0.03727630829773002,0.03519938432412856,0.035472067591493,0.04287153299921939
0.03658640090935613,0.03661923199897039,0.036717596146733464,0.03408457717222607,0.03206054335060208,0.030981365270329575,0.031883726802137934,0.033287121318020495,0.03378833154936424,0.03345040902205389,0.03444273232163246,0.030308836157092057,0.029123078516997282,0.034536352114906806,0.028630628800349184,0.035863461565841914,0.03269869934673906,0.03623662558031745,0.03642405625761625,0.03050144633544616,0.03219930751252757,0.032893777874635675,0.041819201775871034,0.03464571489206777,0.033997577052589406,0.038377695288124444,0.0417944535416233,0.03614556356839417,0.03990148795743369
0.03673533550476101,0.04199848716808069,0.040061278532175906,0.037490651274109554,0.03212404038907763,0.03503246983872516,0.03581813320651126,0.03289544354875508,0.03429673168959606,0.03218861514494013,0.0287009620986839,0.029680246664468134,0.029605677318941554,0.035545396625483644,0.03202731214739844,0.03954303935292993,0.03318726169768948,0.03129861964921389,0.0339024689507451,0.03087270499503496,0.030847695264491753,0.03149468914043032,0.03209188694805297,0.03741887328850656,0.03231757667656665,0.036816457189716885,0.03586549689483768,0.03730489277841155,0.04283755602166415
0.03882456938532619,0.041295076856112896,0.035473071928436316,0.03672916487244564,0.03434819039416893,0.033739691629702494,0.03526487815734811,0.035224555513599286,0.03420379665962715,0.028759125083416787,0.032205856609722985,0.029670741255095362,0.029021619060199472,0.04006939839236047,0.030169239146713774,0.03830065431791978,0.035142982742757845,0.03345980599214216,0.03236344688326917,0.029140556168263988,0.03185104955763917,0.03251737582667275,0.032121357014382276,0.037471347045568135,0.030365590832757396,0.0360605938834682,0.03754630374228306,0.04122467031904553,0.037435290729554725
0.03585045717821339,0.03932390196234644,0.036655349626403926,0.03493420283514353,0.03298424500825703,0.02873114864830198,0.030829073380784063,0.034300097862523755,0.03541393356081134,0.02861772689876484,0.034829736633585115,0.02885346612394183,0.0288005131595916,0.03321830097037354,0.03232309876328111,0.03392468615916037,0.03342537176661172,0.034023292023438484,0.03381685314852323,0.032201008895249274,0.03432977253071952,0.03334854244957278,0.035180681338787864,0.035132296220474105,0.031056352741068265,0.04151362767776642,0.03960270570408948,0.043475981991780384,0.04330357474043456
0.03962008688693512,0.04457310197074377,0.03924573601681993,0.031755937927093636,0.032487706700475204,0.029870116400004164,0.03378129526629696,0.03428200947276997,0.03517410136076597,0.028978960099736096,0.029931112619577822,0.030138551847909367,0.03206149021884201,0.035401584158621956,0.03112814385870518,0.03499610188477583,0.032749533162723506,0.036164463884295776,0.040346902638507307,0.028484370680690402,0.032901937868890375,0.03219704090539113,0.03465015140351086,0.03114784318212861,0.03497627950428413,0.03744547726287463,0.037170630271832344,0.0380074904488732,0.040331842095924754
0.04037038016650197,0.03850095957043534,0.04099477554656557,0.03548531372248516,0.03284543261639946,0.03154680492088453,0.03264549164877924,0.0363949287844998,0.03573127829603277,0.02926053733241219,0.029616735550116374,0.03210135240137125,0.029355868584516498,0.034224429100959845,0.033563464231432937,0.038347841319903694,0.03228104855252035,0.033409319176027186,0.037429184013981896,0.028091815517589668,0.03511003099813329,0.031321388353360444,0.03280879296127533,0.03470494463912517,0.030602010138426783,0.03908776694194337,0.03657076359246873,0.03639371349246258,0.04120362782938865
0.03412646248443045,0.036438408942223124,0.03722918505066801,0.035823609654397744,0.03015582623463896,0.029086617465259285,0.03329935129702337,0.036162433963857266,0.03646483320126605,0.032300348986162436,0.032576991355892225,0.027597525206511486,0.027759536388672568,0.03623620840867319,0.03223450594387332,0.03670585113263856,0.03177909722478188,0.03605232882927147,0.03663185416548556,0.0316062969320227,0.032923681781001676,0.03613664438547172,0.03620616874706874,0.03514203500731723,0.032312188728430564,0.036523996041271545,0.03681187989179992,0.0330225418330219,0.050653590716867036
0.04031783006818251,0.038152020269381484,0.03598916767362551,0.03384961193716776,0.03147325857185125,0.0313674459381966,0.033034218358470716,0.03677754721266429,0.03065006383909292,0.029674369087674696,0.031921679937648516,0.028989033617950567,0.029446800949905143,0.035339487190598234,0.03188344571313068,0.035948498574825585,0.03300725061902661,0.032399308945290785,0.03535577288013494,0.030224145693184223,0.03555808107682092,0.03447073482762702,0.03585660743737408,0.0337143803183874,0.03040597039339777,0.04178517976235822,0.03837766376639018,0.039564745319958364,0.044465680019683027
0.0360917578288616,0.04327036347506243,0.04022861568370336,0.040767596807553576,0.03029456389145655,0.030499660992907695,0.03176577413379786,0.034791483670515946,0.031502596098698606,0.02954632825357382,0.03189212271255339,0.02820588801598481,0.027622338390758405,0.03449747745689348,0.030941005873564187,0.03909262421698349,0.03350995050985219,0.0355060741990124,0.0370189331371904,0.02841195711318148,0.03302003262754425,0.03247428304296508,0.03410960428393709,0.040675451332311895,0.03247915250791559,0.03668520013845137,0.03822752644279741,0.03971715576027151,0.03715448140170014
0.03779298611652238,0.03607822163585649,0.04022487332814368,0.03190347848325292,0.03441128905615691,0.031611355214247044,0.030588243192001985,0.03611535115411019,0.03407966228112373,0.02921387161808625,0.03387233023553301,0.029968935822913823,0.029536487797919897,0.036601873360267836,0.028955234208675594,0.03607061147151025,0.03301296279509501,0.03807438635705876,0.04019075940198211,0.03464009947506318,0.032860961403431546,0.03237891249243861,0.03183366597955843,0.03227256034222662,0.03308820347321542,0.0417826496760829,0.037159177032687354,0.03703061747936849,0.03865023911546951
0.0378411284243418,0.03814829564060899,0.044112847674645156,0.0383187069762386,0.032682393670775085,0.03243308289760187,0.030868172678015632,0.03822891643017711,0.033744556347776664,0.0284713595763805,0.03212438866830909,0.029315740915843762,0.0277564252491388,0.03713023828339085,0.031058100888133666,0.03698770209374451,0.03134449765295651,0.034084971138223646,0.03603486611729358,0.028654907264739404,0.03149862854586042,0.030331997115348525,0.032421782237929166,0.038281032080525385,0.033649108097184285,0.03732218055028701,0.038735335346419125,0.04077647484664572,0.037642162591465154
0.036494559129022865,0.04528263184693554,0.0388835638351296,0.033399013480397866,0.03444127635772465,0.03369099463376697,0.030542044582191136,0.03805983487571517,0.03062529924870767,0.02916113822459211,0.030230453366926792,0.028711003186961688,0.030982998231220964,0.03700364203286409,0.029526862850781117,0.03542338383201375,0.03306398844494331,0.034642660807424286,0.03561118367945337,0.03205203366402547,0.03194744388456975,0.035190905849627765,0.03383683255280603,0.03313671188562223,0.03403150625588698,0.039514237203761945,0.03962449557297561,0.0372118805327856,0.037677419951165705
0.0353608276428362,0.03697577035195082,0.04269048957739518,0.03229011334078806,0.03247201763897964,0.032497500055231096,0.032801562209959036,0.03428779293288261,0.03496825853906426,0.030459816634986165,0.030476994533640882,0.03162226619487672,0.03402983735783126,0.03411505140995223,0.03276851023908521,0.038197740384676895,0.0319836558675672,0.03232665124068552,0.0353112716018978,0.0317193081075946,0.030301668565769803,0.034325643482965996,0.03353716363480354,0.032710137872145814,0.03712576658055093,0.04006629260740754,0.03927575055295334,0.03782842363696288,0.037473717204558846
0.04039353875423962,0.03704437642382753,0.03639524490068251,0.031650618338074143,0.03414203081804799,0.03268748124953501,0.034217031852940796,0.034381087805576874,0.03469731351799125,0.03305618992896168,0.031835725561653594,0.031034224824015688,0.028702353478547445,0.03817404799681785,0.033518757035040765,0.03488881592804768,0.033577617576812234,0.033993746833356944,0.03434240235182128,0.034918216725541004,0.030124595747568705,0.032615591586093715,0.035253687824701944,0.030919841283629047,0.04000874504993352,0.03441686643261763,0.03798564926002353,0.03768125561252098,0.03734294530137915
0.03531502450838138,0.036730874671222095,0.0392189134773208,0.033077599979093764,0.03678337595181258,0.03533434637312731,0.03413213980095973,0.03537926489097877,0.03366252685022767,0.02941638102620627,0.032343928080952475,0.0316148690934769,0.033558440471432006,0.035238854653482185,0.030200605030290872,0.03362369736995467,0.03526723402162174,0.036982024935812624,0.03559489644468876,0.031816571556561944,0.03437532351346686,0.03272488185156073,0.036033017505930263,0.03259014951382587,0.034806833867565154,0.03645020697275947,0.03341417898105768,0.03884158497139342,0.03547225363483597
0.04020334255888028,0.03954027699444557,0.03556446976887995,0.03376567421090031,0.032726666852521985,0.032815549106596176,0.031277576436791854,0.04180400971593577,0.03254799049359526,0.028741392209887022,0.0345045414174134,0.027432015808148615,0.028985053775480708,0.03758950698841341,0.0332956405697796,0.03388426944275323,0.03181509542516993,0.037965364057587235,0.0380295806028113,0.03196510202276546,0.035065113648183766,0.03387398810034531,0.033360000211508846,0.03365584568642139,0.032230546241599135,0.03838178581619388,0.03485696450924919,0.03679504217463318,0.037327595153108226
0.03545308400783178,0.037596382634786575,0.036387760396532895,0.03384349861297793,0.032317884009526204,0.034674158740112385,0.033408379664846395,0.03698310978412279,0.03440726376431278,0.03076897685208576,0.034589889467081206,0.030180771498887926,0.029912779579873223,0.03629461024000315,0.03187904901549708,0.038340678844953714,0.0298847719552837,0.03706380934205576,0.03829956995543523,0.029687051570993116,0.03171819482165802,0.030925020395364884,0.03559369490297796,0.03379456202975204,0.029656556561316837,0.03546009598976286,0.038363559557052514,0.0404205640400055,0.042094271764909846
0.03607574899340025,0.03958473594721805,0.036907425053248,0.036901353781132386,0.0334876773067557,0.03133743503957736,0.03588190178737216,0.0351034257342107,0.03585795873214611,0.03208084109097734,0.03439237129681671,0.029670668775849125,0.02784040976375287,0.03450260492561632,0.0323466933674354,0.03564238317590958,0.03066338301128152,0.0356624657318413,0.03647521143788003,0.03071422091918303,0.03668991312808211,0.03314377084081981,0.035332846294184816,0.037063003685076125,0.032696453147745996,0.034717091117481155,0.03823029953116066,0.03523640852398471,0.03576129785986072
0.036895580469815385,0.037844440331327785,0.0395527439118877,0.03290174737296685,0.0341151425850279,0.034707592227633505,0.032507210736463496,0.037557051467655984,0.03231354126974449,0.0291949418503896,0.0326550028171803,0.03048009810553893,0.029496724652820484,0.0353254992464044,0.030096907351036865,0.037914887783011865,0.03197184131708393,0.033937061710518614,0.035178535606653294,0.031651120228416194,0.03547146796847689,0.03656154291678913,0.03961624144176592,0.03355002824166324,0.03473000011611922,0.03548467322881317,0.03469151566488392,0.03650918229857727,0.037087677081333745
0.039555597078840085,0.03842208599412485,0.03673952445268376,0.03505343909701614,0.03784812236926002,0.033447510051745004,0.031041644733774694,0.036548175539459646,0.033791553044716115,0.03094579193799741,0.03102749790720157,0.029383159223642513,0.02974698626650376,0.03616242044805046,0.0342834983118609,0.0359260501122664,0.03272855819983926,0.0334763531824286,0.03682376963514289,0.03259773104854148,0.031687763929950916,0.029639221451113577,0.032904642187295614,0.03543521767029058,0.0319310603291242,0.03742030919192208,0.03830025919919312,0.03813414326902137,0.03899791413699307
0.036757906636604845,0.0362715761345916,0.03759905576608365,0.03425284926575867,0.03434151948433467,0.033192077008675144,0.034585074076380604,0.03833090310644954,0.035491700731843955,0.03085005319789718,0.030174983817732193,0.030543394395925554,0.030776905678452655,0.03409817846802466,0.030549736895821755,0.034689918345212664,0.03180051139192082,0.03575769375701797,0.037600163393472885,0.03134450466704828,0.034114509600380094,0.035857645183650796,0.036323867884736454,0.03437945137282191,0.035587451422890694,0.03427483946727428,0.03383278534536309,0.039024160317862634,0.03759658318577079
0.03665313725776718,0.038514888874120315,0.041538748553396156,0.0334534686333832,0.03708903477174777,0.03436586801395304,0.0358386010745766,0.03903873659359965,0.032634685818885886,0.027944261047990422,0.02895320570509549,0.029499768399014435,0.030306219115574805,0.03651436020197758,0.028576653765649752,0.034557998014402,0.03257757083461612,0.03769899672673229,0.03871206852537741,0.028249683616054372,0.03168479401753797,0.03197822941643856,0.03733263710310501,0.03319209914265926,0.03221182968894783,0.03650531526306351,0.038270816876032676,0.038864679699867274,0.03724164324843352
0.03451465679284605,0.03849568660530893,0.037077064769768936,0.03150597788823271,0.035569010414813376,0.0334397471221175,0.03745411141263037,0.03498523590368613,0.03149754460418544,0.027595666191678254,0.032263799141696595,0.03008014160582779,0.030591780012972847,0.03938267204894891,0.02868574775717434,0.03872136739102836,0.03346191508545687,0.03287495780407122,0.03676576422008449,0.029937953119495608,0.031244117603111604,0.036333124100311906,0.035718991264556764,0.03135799704900731,0.03228796435434733,0.03737381906123423,0.04311365714401973,0.03907282250403059,0.038596707027355806
0.03688926167523036,0.03684155339905432,0.04055236690726245,0.03518693280676534,0.030161699448451085,0.03225767354374818,0.03266925528651807,0.03376744117909093,0.0340777009661408,0.028200550133403213,0.031247274907608584,0.028970548600096513,0.029350111850064187,0.033821179932160286,0.028488748108788563,0.0414542641666945,0.031190270813299135,0.036652762973875916,0.036517573596225185,0.029591685338136824,0.03009507804154163,0.03456759418745025,0.0366427180722021,0.03469214132611191,0.03864931430438933,0.03902465734942736,0.044411891557744484,0.038253134057036814,0.035774615471481586
0.03738796675404207,0.03794828192834361,0.04174465850009236,0.03105361711751874,0.03210716861869771,0.03462265981310909,0.03302473191218933,0.036252892181057844,0.03629143583947117,0.029407761804346934,0.03712444360327928,0.029686251082874194,0.028960806087305568,0.03369982449974692,0.0322557447662236,0.03748178367972601,0.03064568530995011,0.03274791042809682,0.033483806175660775,0.03090903229030646,0.036049441752166705,0.034284865126187454,0.035871395614600496,0.03196415695476436,0.031348005626774464,0.04433149258963702,0.03837912778990044,0.036365192781345514,0.03456985937258504
0.03721689467247395,0.03609553465569699,0.04238704288972005,0.03644983408440947,0.03214541073226364,0.029186958729191748,0.030985412398231917,0.03488617688611404,0.036708836892804485,0.027926178911043698,0.029788724529066966,0.029387632520001844,0.027479004166798708,0.03370763279315704,0.029136408235137145,0.03880362374669764,0.03175867836804307,0.035593630881508964,0.03874337768623324,0.0329351312027825,0.03278011733787787,0.03489671829082571,0.03410199377286667,0.036758289381432725,0.034877779292026165,0.037151411104065245,0.0412483098533379,0.03818521283613409,0.03867804315005648
0.03510727452670534,0.03765452547663954,0.03777572555319791,0.033888032166385126,0.03314763576642925,0.030981054049823965,0.03152105481069384,0.03443445097511143,0.035647452531822374,0.03380159693831214,0.03194724798653599,0.03225537304923101,0.030222356418963175,0.03758758895368694,0.029103511377022245,0.03925421138181475,0.03368935204602107,0.037480563706287315,0.03623040752202511,0.030619204060671035,0.035999527724894356,0.03266132626408152,0.032616402762698296,0.03331192046123495,0.034471121092823034,0.03578246816254902,0.038317686523450634,0.04000910853559459,0.034481819175294
0.043878957034341366,0.03802290354055836,0.03913905656916903,0.03429265048621348,0.03018670537707575,0.029808108391975653,0.03340305379123291,0.03918754287520532,0.03407495645544142,0.02920331905684807,0.03174600161844829,0.030561888413192857,0.030537626346016124,0.03415504451222025,0.03273975589704826,0.03829960453198137,0.030888876866983172,0.03469536754620091,0.037442957947065855,0.030548675457583257,0.03502310810680877,0.030031576430733974,0.03419803928013522,0.034626447611586744,0.0337925758186732,0.03568149521382674,0.040018260096637184,0.036096828241340376,0.03771861648545616
0.03484493415875335,0.03481873473014048,0.036633091207913374,0.03581527701100316,0.036262820204247405,0.03104314104888683,0.03513762610840772,0.03509093051780025,0.035975266233400395,0.029115073828476647,0.033287535980238425,0.02919206968162097,0.032758730832758834,0.03655238810797825,0.031300174404877826,0.037628956213202655,0.03200589262947984,0.03388058425132577,0.041694417530526585,0.03258958564055437,0.03420162815683091,0.036494758019503304,0.034457332879574615,0.03515049193275525,0.03493256875857437,0.03807443933611085,0.034037748704119616,0.03341679684036109,0.0336070050505769
0.04107335808678066,0.0352206298358538,0.0420534876522515,0.0348674161970666,0.030706921648898416,0.03186177588588333,0.033174623617118856,0.03196032477238116,0.031309998252637805,0.031457382867064954,0.03410725923216208,0.028365253336010716,0.02882622412961298,0.03824908361436245,0.031069834020682995,0.03727411842088504,0.029652519581350584,0.0350332532493356,0.037083550769906215,0.030520934579358387,0.0363575927857146,0.031816110334853806,0.03614326064383899,0.03572617933750311,0.03241825186549959,0.035498574661120344,0.04148474697652489,0.03941405655500098,0.037273277090339584
0.03397439106296248,0.03831321889940929,0.037923162948921785,0.03474922974054243,0.03186167385189761,0.031356011595695385,0.03577098249044809,0.037552900350902155,0.035578966117995645,0.02953886935022812,0.03208081124758352,0.029129368620604352,0.029874168245667236,0.032297820361234124,0.03228031745903874,0.036198168525434095,0.032444647082003016,0.03479904906281216,0.03549435905396014,0.030690491349024886,0.0328802548758042,0.03218971821224385,0.037862086726719126,0.03501584924834587,0.03473902673314623,0.043525723449335176,0.03948717652931731,0.03679043355858909,0.03560112325013402
0.03842006634708815,0.03769288467875945,0.04172712743022039,0.03479241059766938,0.037560184593416944,0.033449581767979686,0.03353965768394459,0.034385345835116155,0.03226538442073031,0.02752032719611201,0.03173060229175668,0.02850776392032563,0.031693539620190433,0.03945727484612319,0.03053250760250769,0.03666985532800481,0.0288894671408084,0.03566799369398643,0.036402235616891654,0.029299463989781598,0.030741270197985948,0.03159760773615915,0.03406274735344045,0.03435820675214322,0.03299476062586569,0.037325748425480275,0.045344478953156776,0.03641941539627051,0.036952089958084425
0.034648097612113515,0.038549791016936695,0.04087987343722953,0.03786768927881458,0.032560843055895426,0.03088594650096379,0.0304100058309427,0.03701785172422924,0.03225352970526867,0.029671548391711766,0.03224482661752472,0.02731942461132727,0.03062803093711051,0.03929414708391051,0.032358157341547504,0.03886796383755161,0.03396213501948596,0.03638536127193827,0.033808384181945775,0.03226750714579451,0.03424654814260812,0.03164349353237302,0.03261457381257991,0.037051210242018386,0.031475337986822075,0.03509480679065287,0.04061468217046852,0.03825853776790832,0.037119694952326185
0.037701769281368765,0.040700416800157194,0.04156105008060966,0.03311540402269911,0.03029739589996362,0.03242958767605062,0.03325337585815529,0.03498890833886203,0.03427165743911071,0.030593560817979315,0.032641663388694404,0.02955524540159337,0.031025887388954572,0.034100297928215714,0.03184564514449216,0.03996810472213308,0.03086722823532221,0.03450711033751326,0.0363446352325138,0.029598605929617446,0.031893474158949844,0.03327133942482909,0.034452165534084124,0.03400237023053555,0.035321058754431846,0.039237538762367234,0.03582236272798879,0.038097065787485174,0.03853507469532209
0.04106240530649389,0.03707009560363442,0.03707086224609916,0.0336134384774601,0.030911531835071743,0.03126316613576634,0.03208393690601451,0.03745575114011899,0.03725585326960012,0.03224836598123259,0.03079079984755665,0.028414386956373515,0.02827369931260873,0.03575998134680376,0.03198691962159604,0.03810653883976316,0.031219690409772693,0.03869602930886932,0.034318198825289525,0.02968078160681454,0.03290029975495094,0.029540315734140753,0.03416655726134746,0.03469227848952944,0.032153685805167476,0.03759797845123865,0.03774045846806823,0.04224097502668096,0.04168501803193638
0.035251689354116,0.03947807657196915,0.04224317769087354,0.034649535667656106,0.034622379210569085,0.0328587260381314,0.0333500757590041,0.033577360449063176,0.03481308647100397,0.02969664517732241,0.0352992143555033,0.029929549678634364,0.031458940718032964,0.03227894768247728,0.032837442779194134,0.0387455732157446,0.030024592295210494,0.03404666298923975,0.037215107729052496,0.02941241544373664,0.03131802672648932,0.0324851454655607,0.0346922698716607,0.0337401929895806,0.03406778205806142,0.03851790431059238,0.0397090844429545,0.03753666179708996,0.03614373306147542
0.04287299691840561,0.041862681425997327,0.04097354945114243,0.0345779463844242,0.03354860370320497,0.033058031135455954,0.03240953519684027,0.0350457279366756,0.030544090118508137,0.027350612366560313,0.031023357790462225,0.027201409599050097,0.02848098605922168,0.03485250921064501,0.03018776138490382,0.03569008785791946,0.03118934295369865,0.034732452576451106,0.0381610080341407,0.030119671938458485,0.03403293382946382,0.03405623684660524,0.03281852800219486,0.033848474730592396,0.031531041251163364,0.036157221725225695,0.0459956485072736,0.038700613886262,0.038976939179052955
0.03906640661653286,0.038903538997137097,0.03773896302718488,0.03364716136208771,0.031800999470901335,0.032665236440601174,0.035308871472081095,0.035541123981345846,0.0341617471565855,0.02935414835452606,0.031520892463066476,0.029271575922146846,0.02841722726108916,0.03966204761538839,0.030648710129104733,0.03648149388497636,0.03210503048477391,0.03640044830703234,0.035436340137362674,0.030699548384707353,0.03077093621396581,0.03309478986729779,0.035138883188042716,0.0337478471098567,0.03319240785230439,0.03926711512763196,0.03924653301914137,0.039308855360898995,0.0374011207922284
0.04436351850706344,0.04417025715221777,0.04193302644655428,0.03736396282275514,0.0332984998554183,0.030996768458953668,0.0329906229231029,0.03505594417282877,0.031134112207516447,0.02840747472763246,0.028243739610063545,0.029279108612179017,0.028405304269437832,0.03265125293345549,0.028680657029582318,0.04222584395115507,0.032405806567327854,0.03396853830467193,0.033626616813604696,0.029801816122335567,0.03072791983832851,0.029922729634681768,0.032202389177901615,0.03712500919602217,0.02953161625486278,0.04377803017407793,0.04049838405676607,0.03945080069171559,0.03776024948778717
0.03245674062801442,0.036207997397977004,0.03731114619335506,0.03772101183092059,0.03326224328551015,0.03300799781295293,0.03235161167682082,0.0355028234187049,0.032300708350752744,0.0290847975533503,0.030757267227364195,0.02979881449296286,0.0311233392240166,0.037848276527441604,0.030836759030865007,0.035229222618831255,0.03184592242903862,0.03283569096743506,0.03816091743802072,0.029954188670311528,0.03081168827705207,0.031885749729724015,0.03557943487137284,0.038127440842830665,0.04016042366931133,0.03960617196808071,0.039010536718718104,0.03644976324487885,0.040771313903385085
0.038308434467573774,0.034976560480477946,0.03711225012001033,0.03293787248810216,0.03361817909311943,0.03149111995675856,0.032606296436130576,0.03400832921001172,0.03854659910457812,0.028760232872840446,0.03275260134621852,0.027550650564246392,0.02905745946085527,0.03656714435408344,0.03177657942724754,0.03947128445685534,0.03414588176774117,0.04068907802525089,0.036674120996522605,0.03055680455754094,0.03424187420642363,0.0316056648131226,0.03521814087739607,0.03295955647125185,0.032687489652614865,0.03843248582450113,0.036647190016984514,0.039861392732506565,0.036738726219033666
0.03939345560658033,0.03843931165406639,0.03724607138752285,0.03413305772426942,0.03383343172669259,0.03282201295490667,0.03131018809752921,0.033985400891662236,0.04325841920103668,0.030256594301729882,0.030610504899070502,0.029328667204319876,0.0301660173749911,0.03411418113045277,0.02980171736583871,0.03945942903234641,0.034154522343411625,0.03355210395468966,0.03436686561431022,0.030891760474581365,0.030321088082973985,0.03345485076920971,0.03558658922273437,0.034543130564674354,0.0345405449196849,0.0347010811244058,0.03929154188801573,0.03828516676058462,0.038152293727708134
0.03958834889048652,0.03848995502682401,0.04203217460478772,0.03245781688811182,0.029761814762194055,0.030585860224839678,0.03258931215455063,0.03319772437244387,0.03483713301442236,0.030421948453646225,0.030453797984727915,0.027134545319192356,0.02825711525373318,0.03732275350497453,0.031120928575554506,0.03783449118841335,0.033791604206272974,0.03532571487060539,0.03764305111062743,0.03007925026294548,0.03405386261227509,0.03196774957907378,0.03139683449413884,0.03248441172458852,0.03218119184480865,0.03960419536990674,0.04243644453604829,0.04387859875827048,0.03907137041153564
0.035505557282576025,0.037471429226731946,0.03924538543852555,0.0328086762698393,0.032996728351509894,0.03135591524599308,0.037937712175483695,0.03303881597854079,0.036990516632909434,0.029270155022678906,0.031186107932973252,0.03118325664130179,0.03245582009932471,0.03590208973920248,0.030249583470507074,0.03403771569019794,0.03143897509186076,0.03500342532577329,0.03832612367879053,0.03296778642080852,0.03216534651702171,0.03339168730626938,0.040040200085450325,0.03367859694803573,0.032323093398439626,0.033957718902833986,0.038444866583696904,0.03839574688519694,0.03823096765752651
0.0376485610245648,0.040460448965014065,0.03689181793383537,0.03194810703350713,0.035340537800436916,0.031457071097598835,0.03162040111731755,0.03681928092308213,0.03175889019676197,0.031051760988361165,0.032249413158028796,0.028544283977110296,0.028698328359670355,0.036465691145437844,0.03213302558487332,0.03592407447708768,0.033169923498525614,0.03406785296875552,0.03279608026561129,0.03230363946871977,0.03196073221119756,0.036533124870483866,0.03690708076145868,0.03283009939129015,0.03137229530255292,0.04230906348123002,0.040047101933929886,0.03971109567875767,0.03698021638479883
0.03948595024329384,0.04144703319341664,0.03741717036674486,0.03494215710442948,0.03479725283210415,0.03410775476309743,0.03271135566266168,0.036200535682138144,0.03587497251387787,0.029003213538037843,0.031705524759378476,0.030706422865548776,0.030058160835667543,0.0384773415300903,0.03140886621864316,0.036791605578711216,0.030728649135136565,0.035980285453892175,0.034982498686218465,0.02740658480371765,0.03177814795496029,0.03186135539048346,0.03361690486276016,0.03433951560113242,0.03426260933593663,0.039023517104111345,0.037193286780031865,0.03908593378423926,0.03460539341953825
0.039409568698940356,0.03880948611509325,0.03715173548601648,0.03748460303797082,0.02894043532238521,0.031124931911563253,0.03195434118590103,0.03281349241893979,0.03666369418829682,0.031178369862530975,0.03356508825949901,0.030836316424854626,0.029064435037211095,0.03437946545853639,0.03190967197014341,0.03498877219564677,0.033970348630323624,0.0365717899370591,0.037209117516200575,0.029520592887698156,0.033791287625860575,0.03149682295721435,0.03572912862959811,0.03771333362948502,0.03200895482973226,0.03798017459300598,0.035520630687592314,0.04137203113336225,0.036841379369338435
0.03635060168996663,0.03501797126993957,0.03710342018084646,0.034331157740287443,0.03288335079148897,0.032539272400716746,0.0334775533118713,0.036230406486788186,0.029811924099779424,0.030014589475318997,0.03247151266769834,0.030529067080250723,0.029628282407587143,0.03492384786672943,0.032092472095652615,0.042472459654360674,0.0322147456399151,0.03539077621695294,0.040355235870306795,0.028204384321364594,0.03000440749943929,0.03664398173344397,0.03632838407928618,0.03469353441361463,0.03208787335775172,0.03674512688086577,0.03743819933524893,0.03999112069136951,0.040024340741157974
0.03787479717460142,0.04062640310232392,0.04112449839830338,0.03766443068483898,0.033935249800896,0.033247890563409495,0.03391912265065165,0.0334231977249265,0.03393411364073878,0.030733291614980285,0.03099689387673706,0.02807680856317135,0.029130361607661075,0.035793350223301795,0.034218582042451415,0.03418721066749683,0.030669197320724366,0.03273535497552438,0.03322753573833117,0.03047745713805486,0.034036754264923245,0.03304311969682206,0.035554856649065894,0.03798975376052723,0.031323943289524175,0.03744916716424164,0.03848798022520787,0.03717720208243687,0.03894147535812627
