wSMI_1,wSMI_2,wSMI_4,wSMI_8,p_e_1,p_e_2,p_e_4,p_e_8,k,se,msf,sef90,sef95,b,b_n,g,g_n,ft,ft_n,t,t_n,d,d_n,a_n,a,CNV,P1,P3a,P3b
0.03474689060670863,0.03975776317137739,0.038410925872192934,0.03622983866013176,0.03456679825969956,0.03389392675764148,0.032979320061043704,0.031712658871010706,0.030022588624429736,0.030308762672487343,0.028979557955653306,0.027437186712067456,0.02870356593802051,0.03334294075399682,0.03148057899011848,0.03233684825767158,0.03106886102338202,0.03482888509143807,0.04145221078213051,0.04103201353017334,0.032226544843509494,0.03672493618269878,0.03135600870992109,0.03576926726852732,0.04910218408156918,0.03691881600345316,0.03565226545049709,0.03683693644481521,0.03212091842363337
0.0343317995248667,0.03825816442780148,0.03815235369421027,0.035814448625544185,0.03386007029151973,0.03450962407417714,0.03303002679134337,0.032377131156465795,0.029862303641151267,0.029432861661043863,0.0296084011363703,0.02735951459584492,0.028224652394813567,0.03384890417096826,0.03249117686099102,0.032166220561991296,0.03059400708473158,0.03552144343205106,0.04166157491658862,0.0404733154710424,0.03238497177497058,0.03654925380051739,0.03111075786787355,0.03604982199671552,0.048547849187947675,0.03689823188970687,0.03731620067848291,0.03656468936699451,0.03300022892327416
0.033923859411111555,0.03838492705881634,0.0378008672742187,0.03629556310415609,0.03458112993241527,0.033897336303935204,0.03290964221146819,0.03222786303270594,0.03000645483206999,0.030380275359448084,0.029389590767144445,0.02772784605060045,0.027632880554110707,0.03317543386565492,0.03121283671659748,0.03276722189004108,0.031210508499869005,0.03503216148446895,0.04128932405268019,0.040982536968063844,0.0321636662082984,0.03753877246493437,0.03156978803232263,0.036400802137760604,0.048386664310598036,0.03631572979061282,0.036864089544574485,0.03717988170536339,0.032752346435958854
0.034200490903512626,0.03835343476029238,0.03779677260913148,0.03731269338130473,0.033244565558164005,0.03373993464269871,0.03291884068228615,0.03340820584008301,0.030205109177898138,0.030456012716780435,0.029373248650183998,0.026872283832767192,0.027844534451130935,0.033530458553876374,0.031728873492659224,0.03225148061132506,0.030482686720867923,0.03460748013864098,0.04162448427046555,0.04106314599903395,0.03238932068683262,0.03729696595243577,0.03181016893535711,0.03545774982011105,0.04778858300855282,0.036795947974154405,0.03722300640118896,0.0374573474711675,0.03276617275709698
0.03450350392157951,0.03883025539599779,0.03771004577234407,0.03600217221393913,0.033525506797867435,0.03337273775983057,0.03297289882669695,0.03215280736507368,0.03037169200805353,0.02956990797833966,0.02956822564982874,0.02698142375694356,0.028183359096491854,0.032811268616971624,0.031804348490141396,0.032495331963835895,0.030992162007019985,0.035851252978205926,0.04055578760997736,0.041826115382610156,0.03246364771357253,0.0364462470258425,0.031390424816209433,0.03643622683509588,0.048740962896979836,0.036634178330077614,0.03721763670280132,0.038108876956535066,0.032480995131136954
0.03464120716345774,0.03918743968492207,0.038486988527081545,0.03589222185764906,0.034184815698706975,0.03311038989899144,0.03413056278668944,0.03248588051342703,0.030178536288544288,0.029433111862153083,0.029403261948242,0.02741080881298672,0.02730774484996588,0.03278968585597367,0.031564891419649466,0.033397557901181485,0.030216079400685603,0.0347790485521788,0.04143671956598929,0.04070165950312156,0.03244277013357012,0.036775394802518076,0.03138658759021046,0.03728732574758274,0.04870671582040333,0.03622861186001223,0.03641161594526419,0.037420439376719294,0.0326019266321225
0.034699304176521305,0.03919826476510048,0.037974969789072645,0.03591004792847826,0.034588945399374835,0.03373509129707449,0.03361910741120215,0.03223754472422345,0.030049806655396482,0.029945393046218304,0.0291357635584502,0.027018665185152797,0.0282524618278314,0.03282799263567125,0.031470600492877775,0.031613854300518295,0.03107716887739409,0.034834111328512864,0.041890995339734845,0.041017901566217055,0.032036768089039866,0.03683610150418763,0.03178503667860342,0.03601620219696651,0.04902851669729617,0.03686838025837865,0.03656426525369302,0.03759178945305033,0.03217494956376147
0.03553216532671414,0.03920493214053384,0.03862482109958853,0.03644427756708919,0.03364636418044914,0.03321219104736377,0.03288368985667121,0.03212921584630818,0.031170052136885784,0.029888771738786436,0.02835206202794019,0.026920303108924393,0.028351998249731253,0.03298198046881603,0.03234029680197086,0.03363980133206627,0.030588452607481536,0.03493099388408915,0.041566003500455896,0.040987060965996955,0.032533048655981736,0.03732018561251857,0.031147512694714434,0.03554376415391741,0.04779777327180394,0.036174993429684756,0.037274946850530455,0.03656126489401648,0.03225107654896948
0.034020171143933596,0.038747334468956694,0.038421558906786196,0.036434950086874564,0.03401725518197161,0.03455021329183093,0.033199890503122505,0.03268235903762573,0.030213241315123734,0.029529065110783896,0.029641446922467497,0.027372273737041854,0.027907551285082544,0.03369450008378301,0.03146159896635679,0.03265841370547559,0.030551343605177174,0.03480870579204834,0.0403401950727139,0.04117908175323716,0.03234202339588089,0.03566154346276034,0.03213394695262763,0.03671039149287157,0.047740616476388394,0.03711329787467147,0.036913680346290584,0.036946484562228696,0.0330068654658871
0.035102607134973186,0.039351898043340605,0.038564534470561906,0.03555642978796468,0.033440107407895506,0.03368760275126824,0.033050855831238735,0.032224471463518735,0.030421739190294905,0.029252947152142154,0.029990678353234428,0.027545341301604086,0.027879842485737723,0.033321287848617875,0.03177241636692071,0.03211992833991937,0.029852766274507316,0.03524098103818975,0.040948930530227926,0.041840438377958075,0.0323245755047392,0.03720542462999203,0.03079856562485072,0.03530749075764038,0.048248294838224313,0.036721134984996295,0.037900029976699744,0.03720433831407908,0.03312434121866227
0.03481727305343826,0.037725683588152585,0.03792439257813192,0.036097534954991836,0.033456922448286894,0.03367714274078536,0.033431824462123956,0.0329371797197044,0.030300396269260087,0.029730930348399225,0.028996430170331617,0.026952472427020608,0.027651239374067167,0.03237669578723536,0.03190447545750928,0.03289508537695153,0.03134886987533754,0.035637490230752286,0.04172541760491818,0.04070442131912642,0.03196476831956717,0.03759428026206874,0.03153765097774422,0.035811662294625075,0.048194379823714585,0.03696073807526049,0.037483908509398686,0.03742867580982642,0.032732058141270094
0.03442101411839303,0.03842686123537902,0.03783018092164634,0.03521892722569074,0.03472112292038064,0.03385785223666092,0.03342293566586576,0.032709561898025666,0.029929692784081204,0.030046236896107265,0.029629291656647138,0.02711799365531014,0.028160412682838986,0.033609998843829425,0.03163808875992291,0.03317556772058895,0.030680170068674777,0.03525180997260628,0.04054090418288882,0.041134960138716,0.032528276936037256,0.03668502408502537,0.03162538974966702,0.03624424608437461,0.04870781277706272,0.036668516148364035,0.036034766263616486,0.0375817380328489,0.03240064633874955
0.03413592643949539,0.03889729001399857,0.03801777678841265,0.03605303035862671,0.03355915629373148,0.03401284187254402,0.03337316537978307,0.03286061092427158,0.02982167845052657,0.028996346083339584,0.028823915432919196,0.027094725385770423,0.027801742515016242,0.03333568986153966,0.032188806622968885,0.032129273566399885,0.031174615220300073,0.035209797817314994,0.04109956313853125,0.04166835954750662,0.03264440366241359,0.03666040597071449,0.03144215805878678,0.036246356983486085,0.04840968331304692,0.036630088799953525,0.03674976851762215,0.03815248267387606,0.03281034030710351
0.03509231454482796,0.037650729855581,0.039127075508564646,0.03546612461059116,0.034444442811900004,0.03338617427272951,0.0337399135967056,0.03244258274113996,0.02987954917152502,0.03050084723919272,0.02918803411921108,0.026945315054305963,0.028537003775145266,0.03343552250827626,0.03151139138852862,0.0327020409776015,0.02978389040380573,0.03471837833976302,0.0412592824197396,0.04137389317537759,0.03240690452977673,0.036885163252661016,0.03201459194969644,0.035802394531614504,0.04888024630250431,0.03683594879379255,0.036363586611433824,0.036708892933664236,0.03291776458034419
0.034558071782262556,0.039374278556165945,0.03819967346214907,0.036051207884896956,0.0339850186174981,0.03430278538739011,0.033241058988073446,0.032169645917345,0.030677531755115738,0.02952589694388904,0.03020859308657802,0.0270130742915353,0.028088811191334183,0.0331916775120404,0.031444255231056435,0.03280229461794826,0.030572425249214906,0.035068814290980514,0.041060689302306545,0.040978046509234346,0.03232941707711603,0.03696443122735164,0.031099345197308274,0.03545122416278488,0.04797736881125818,0.03702777904482348,0.036556741342490755,0.0374636407705781,0.03261620178927379
0.034614953878912634,0.039319925043433124,0.03800997606276117,0.03580956915379216,0.03376469370226528,0.03355023414594367,0.033246525622205716,0.031895216933837296,0.0302604300244347,0.030217953981424066,0.02904651697676226,0.02742569766871327,0.028405598701336788,0.03369394280199852,0.03193113668321889,0.03246651735965013,0.03037584669259793,0.0348712409615647,0.04143596691571551,0.04045698588458334,0.03287024688364117,0.036725987600669356,0.03183820828796781,0.03590827235167044,0.04825614110669994,0.03649763952031466,0.03777482041187232,0.03641853244168967,0.03291122220032354
0.03423358320085404,0.03898318808206338,0.037905508759058196,0.03557454827691149,0.03478615572868196,0.034747445721280835,0.03277294615386534,0.03177245344017873,0.030625118432669313,0.030769504602416696,0.029440940615221477,0.027611604097397317,0.02867978710064869,0.032803154964604994,0.031283012872545826,0.03187923130154081,0.0312506747799733,0.0347493742903784,0.04152244551968199,0.040724994528531636,0.03234870685038395,0.037057679167213343,0.031448931919510224,0.036119801752204014,0.047953007925434554,0.036579802752352966,0.03721667516219142,0.03665477551417773,0.03250494648802742
0.03478586954233054,0.03814731994910315,0.037892604034849627,0.03618226270925711,0.03456129957880323,0.03271391291146695,0.03357087909261468,0.03263673792040765,0.03016068986061606,0.030182994056133738,0.029566137860158954,0.026585634410797327,0.028449208242605217,0.03316873740915137,0.03237152538548627,0.03219208123312321,0.030524303978078683,0.03478346521356612,0.040860287296635635,0.04117178913953968,0.03271539496087665,0.03646669346547941,0.030923383069473363,0.03627690095353943,0.04955982900975328,0.03763688212239621,0.036781818833687564,0.03707316284368441,0.032058194916384425
0.034405808611473854,0.03846848554531731,0.03799784498428965,0.03676828115230654,0.03417361687789512,0.033562951355028334,0.03361862557536025,0.03223275539412553,0.029907151157318075,0.029854536111858825,0.029470822620647635,0.027631391134058315,0.028661826349592863,0.0326749334413479,0.031078390233226803,0.03273680127160115,0.030616672686652146,0.035496467707802425,0.04170977049713319,0.04117079669980767,0.03336293352788068,0.03626675826430588,0.030626765833365394,0.0363482813852254,0.0487231849991244,0.03628688218497897,0.036785789871058516,0.036983048754933745,0.03237842577228339
0.03454799804243378,0.037808693853917504,0.038397649127176366,0.035814398973973746,0.03409909579210017,0.033405259586637114,0.03321772327756265,0.03210437149404567,0.029380963050783852,0.03034070220305101,0.029602598608517883,0.02716773457410456,0.028168839822351473,0.033256043794172366,0.0316118584007163,0.03293486474290055,0.03019968268354406,0.03546369390670821,0.04099996420320726,0.04226110039940594,0.03222234154447342,0.03649910534631594,0.031567411972535896,0.03640028535447454,0.048305713182864876,0.03711453160279125,0.03777859494560756,0.037571256955763487,0.031757522557862614
0.034505042283255204,0.0397947075272926,0.03773034781183178,0.03670407087856745,0.034210017832971715,0.03346951093632971,0.03353848972982054,0.0326531356977331,0.0298876635029972,0.030136359114048668,0.02893169128120862,0.02727014840861942,0.027450533155988676,0.034891095756153144,0.03207205404801233,0.032838812927531616,0.02988139298495713,0.03531779083997458,0.040822135372520225,0.0410706469933085,0.03209694597540529,0.03652043355980471,0.03125897003378925,0.03571128885915763,0.04744999133048437,0.03762506777448954,0.03658490950444861,0.03711808854769746,0.03245865733160096
0.034426278854935405,0.039069434223261014,0.03807190713893975,0.0368510736539149,0.03404323411894492,0.03371616628988662,0.03292668671649561,0.03234117581226534,0.02990983585209526,0.029713946194652858,0.029201544571239246,0.026617685650010187,0.02769041381190011,0.03312580595347545,0.03206037281845027,0.03244335224702221,0.03180980973734783,0.03482018860521967,0.04115660549570531,0.04111285804332349,0.03289028694170415,0.03632586890888306,0.031234321533109684,0.03676465280861901,0.04851477159023419,0.03658599952999155,0.03707878753531295,0.03717900737105727,0.032317927992002705
0.03407733026230242,0.039516133162879705,0.03854235360228635,0.03510671500220493,0.03427115342944167,0.033973552757852986,0.033322099677867055,0.03161220065132196,0.029783700115799432,0.029967988147919688,0.029199505673252513,0.026905821274687103,0.02771750845090127,0.03288585170077691,0.0322157559368134,0.032665678182756445,0.030905028744041534,0.034545869073894994,0.040590421066396085,0.04203095507378732,0.032437048454502085,0.03684241661117609,0.03170220438270936,0.03632429635275051,0.048825170991400005,0.036828618024576945,0.03656673299128309,0.038121311630949235,0.03251657857346884
0.03469247196338956,0.03870366149719766,0.038571662206099165,0.036073366371802605,0.034495525475412805,0.03396522590823,0.03312438224558941,0.03268382161933066,0.029806882390784863,0.029760956708177976,0.029213775184273465,0.02763240251872452,0.029099279596544753,0.033827333529817115,0.03143023541360792,0.032351415104473244,0.030473939115500025,0.03429925815075124,0.04168119891324845,0.04127901825927939,0.032288454027251196,0.03622495082259376,0.031120501187571946,0.036296000465875985,0.04840343930543072,0.03592016885421907,0.03610026507369649,0.03759467913481659,0.03288572895630935
0.034121544846971365,0.03933084733094561,0.03819969736509905,0.03647939981192744,0.03418285961683582,0.033679244090795195,0.033116877957625336,0.03263006371567897,0.030035023605575677,0.0292754439711303,0.029989866197585247,0.02658373812741645,0.027787969023556475,0.03352712873140567,0.03264383141576295,0.03322564158814922,0.03134388500350471,0.03485889351942499,0.04171883890479834,0.040635651530545755,0.0317928200386426,0.0370823722909928,0.030885077648048254,0.03538431890512789,0.04844916742572353,0.036446803918324076,0.03654948382875163,0.03720135462011408,0.03284215496954063
0.03370619393408001,0.039220655204408685,0.037833760883660514,0.03546012572225006,0.03460748930346023,0.03350507981972059,0.03314108065006357,0.032687725955840755,0.030157848549205675,0.0300725120639825,0.029993779367709843,0.0272943790509848,0.027404933497759076,0.03226174739241853,0.03145989264611379,0.03201641347303787,0.030751302572288808,0.034576878818156485,0.04114470261201818,0.04177611725239156,0.03255067721847031,0.0370401355202224,0.031260054931556064,0.036428426912097425,0.04809042723736228,0.03733857387844239,0.03761809274129892,0.037434583437582616,0.03316640935341614
0.03462935340979242,0.03967197591552005,0.03784465796698789,0.03646002983168327,0.0333194445182175,0.03410725749761862,0.03392771749941957,0.03195459382694589,0.029922046212675624,0.029602277374714724,0.030053473116431046,0.027986032945701837,0.02834699161890352,0.033560989728588855,0.03169379467287305,0.03235994299583504,0.03176637659527589,0.034760027381195824,0.0399572092512401,0.04131882845344773,0.031151676112507354,0.037663676185337565,0.030729771942063562,0.036475632236992864,0.04850554185749223,0.036421646321480206,0.03636466196807077,0.036860787052133734,0.032583585510853205
0.03425042671309277,0.039402688803927596,0.03794177311565855,0.03627777506613456,0.03426824332934263,0.03372952931331906,0.03331748021962169,0.03255263927473622,0.029632950757275473,0.02918998186977264,0.029138271412038487,0.027064596939429496,0.027409272325016592,0.03320942103107531,0.031162993124485637,0.03298351919021451,0.030214788162941892,0.03498128425105053,0.041606693542443556,0.04116979682844608,0.032329176918675415,0.03726889525948172,0.03154249255974691,0.03551158026856105,0.04969093827492251,0.03713871826969845,0.036671274329912414,0.037192980336623806,0.033149818512354545
0.03448786275679,0.03888755045965264,0.03785457726702873,0.035884772400161156,0.03331152885314938,0.03392878311902134,0.03338457456155681,0.03279600063345893,0.030203134419744322,0.029788271513512106,0.029306920761955714,0.027452950642526314,0.02775399885185096,0.033300248342208995,0.03194105967426894,0.03210396392714558,0.030634782865210913,0.03544232491175849,0.04069333648673516,0.04176317580198514,0.032326185112032696,0.037448912215417754,0.03201485385783819,0.03612294829254144,0.04758221266769806,0.03753693918100953,0.03654687470833568,0.03717917501979461,0.03232208069561043
0.03417749543489059,0.03947539519389752,0.03784835410385985,0.03532746381107208,0.034077727649109296,0.03363811389715431,0.03283520921457796,0.03304238247296579,0.03015766633232263,0.029836548733582307,0.030279440781809136,0.027452661954315106,0.028089859019683694,0.03261005616206977,0.03152316439563287,0.03313763796575962,0.03078830428693674,0.035362355265277784,0.04114845295871093,0.04087780619113137,0.03250686772861022,0.036862537732688085,0.03085321313195193,0.03659797529913128,0.04818227051074219,0.03611633688083127,0.03631196944669439,0.03788959610658151,0.032993137338009695
0.03498287340422847,0.03959905624175517,0.03779603383841652,0.036098770709891495,0.03417905450910731,0.0336300529074403,0.0335270576455407,0.032536939888308636,0.02977320643586325,0.029835145748348967,0.029009510885487803,0.027190626422360448,0.027720819495318967,0.03298960827261014,0.03227094626773258,0.03326856947270065,0.031108230876943144,0.03539549123336384,0.04064610453014168,0.041175869589129485,0.031974723925618474,0.03671451583329051,0.03029467605995354,0.03621302180604708,0.047946497217207736,0.03640726648861142,0.03729601808878875,0.037524370526405046,0.032894941679387925
0.03409029107593569,0.038436742061945244,0.03713449321245131,0.035549331261671785,0.03361697691163375,0.03432754053031973,0.03303500082845549,0.031598918153867374,0.03097181646745455,0.02981885225410836,0.02974356643848211,0.027317621529947027,0.028084080644247944,0.03407264711103981,0.0318927032514437,0.032893911855872336,0.03008939846116946,0.03502707332639652,0.041179426109717455,0.04212725509229169,0.0327958624640505,0.03715903195691721,0.030675656376615533,0.03661310739135633,0.04815011907685418,0.03652209168034277,0.0367672362249975,0.03684990658283867,0.03345934166757599
0.0347209290420445,0.038554458524699006,0.03821524140894972,0.03558080139622537,0.034536801257522745,0.034032899862841616,0.033137810674802495,0.03232358529178962,0.030433150847729795,0.029222642022122332,0.02922911075762215,0.026942293108924775,0.028944757136110118,0.033182552954657885,0.031112844870503514,0.03214468243239681,0.03070886265215276,0.035587616717174565,0.04159877512064783,0.04075975792483471,0.03230077944612804,0.03615619251093697,0.031409494107233274,0.036472159713193106,0.04979173316118115,0.03624422594479642,0.037106200822298874,0.03678719274792162,0.03276244754255834
0.034699531944138086,0.03881102978807132,0.0380783468874792,0.036078373267571476,0.033954498364647034,0.0331990229402318,0.03321818743383611,0.03239612390385205,0.03027812612591037,0.030315143902278928,0.029616341450309114,0.026441913448761057,0.0279678858415984,0.03338319772962842,0.031850781937505825,0.03254849442234366,0.030922025809369137,0.034294915621574565,0.041357125798548576,0.041620589794434545,0.03242561115614773,0.03631657070678932,0.031361631825685986,0.03615725006691237,0.04964418220521642,0.0369177469951845,0.0367534393985128,0.03729547393163088,0.03209643730183039
0.03491742520915275,0.03864590071164531,0.03821498046434032,0.036520249826460446,0.03413570181004518,0.03442206770438527,0.03269337896208594,0.032338257617927885,0.030028161118148895,0.029136206210587812,0.0303123852345246,0.027461411931467332,0.02787453801891281,0.03384528245794841,0.03210119250222754,0.03257558475392369,0.03015694596443271,0.03516292762684448,0.04147378904520095,0.04033771289686982,0.03240199983734655,0.03599266155892437,0.031330186083398937,0.03586572631103504,0.04873616114056358,0.03668313770425145,0.036255266828992126,0.03749536060067847,0.03288539986767738
0.034405207658953725,0.03943952825192028,0.03854687711741332,0.03623355279023537,0.033773306021630096,0.03467975682837468,0.03326479785934759,0.03240803638269498,0.02983229448129022,0.029423652910320418,0.029171300262435106,0.02732856541661651,0.027968866204797077,0.03339761625548912,0.03206591164455212,0.03322787676909319,0.03045640231202006,0.035779688315387324,0.040397265857294896,0.04045980426360407,0.03292558196813972,0.037330964936808084,0.030448454542202835,0.03545221358860762,0.0473693615004301,0.037370594221268684,0.0373727640848159,0.03783993096885917,0.03162982658539763
0.03489159041948457,0.03876506601112906,0.038802150704737366,0.03676188476819188,0.033770071709861745,0.033898849279822216,0.03277235306713856,0.03217695145408946,0.030317167670710382,0.029866772667694434,0.029727369865555336,0.027448898906158453,0.028878814778572605,0.033128295707936,0.03206008152051247,0.03272461732946928,0.030085109570839902,0.034556145081856636,0.041111578492295284,0.04121238149158931,0.03200487771702715,0.03694962891630466,0.03185525209151314,0.03594371235719361,0.04840314510540352,0.03551539036583755,0.03628906168306313,0.037517601101313365,0.03256518016469901
0.03449157665307341,0.039250601931129635,0.039193932811767175,0.03619948742500468,0.0343549122397986,0.03359167364065013,0.03402962035068721,0.031830081506561275,0.02951281003822339,0.030360643057100168,0.02873764958459173,0.027823447651683014,0.027780792381375912,0.03324430573682366,0.032145803262087616,0.032721534994922266,0.02993191766224143,0.034821752124920204,0.042401576688269424,0.04094571038411215,0.03240085942826332,0.03657838622786567,0.03150255740007733,0.03583458657908587,0.04780673781316366,0.03645604668217852,0.036561742355736226,0.03686953886191845,0.03261971452668792
0.03429160811820098,0.0389826475910775,0.03828208357402219,0.03611125353235878,0.03324312788639128,0.03348410359082717,0.033276377243151044,0.03250177714818179,0.03014893186407163,0.029793267337989926,0.029844164570587917,0.02682021754199727,0.02817680590395686,0.033686228709005506,0.03195410977680141,0.03180362942585707,0.030991284625939412,0.034520578766190156,0.041328415817436605,0.041346705754644594,0.032967870456049396,0.03677266959640656,0.031180590638175222,0.035924631872263094,0.04861224645628723,0.037230243217733563,0.036606192314228916,0.037751386115543094,0.032366850554623884
0.0346555451172676,0.03910609611652961,0.03861017522170683,0.03626033049064472,0.03447708334768815,0.03373822425901322,0.03291407851682786,0.03222798059323799,0.03021707285327433,0.02977713354391174,0.029098598810965305,0.02728799723569588,0.027912007836253732,0.033615072091082554,0.032088785931726704,0.03249901092063788,0.030372162263119496,0.03498070891320858,0.04098080738070786,0.041731983087876276,0.03238227888708208,0.03653359169322112,0.03103650397395457,0.03562356708579666,0.04922872650352144,0.03624495736316451,0.03646968384470295,0.03701021541305031,0.032919620704129994
0.034213856330937376,0.03917241843297943,0.03720229559858931,0.03695259414498105,0.034077482504132825,0.03358238348999753,0.032968679153758014,0.03247757003430575,0.02967496030722012,0.029891781282155895,0.02966330961328586,0.027336994825617446,0.028332477211145048,0.03327067314056731,0.032449700080329616,0.033127451490388024,0.03087572737218779,0.0353709624195524,0.04092738977491123,0.04107760990154067,0.032393388561123754,0.03646637358058798,0.031715183589058074,0.036497054646107516,0.04752132810707311,0.03707716740097812,0.03674995631519724,0.036751384945613676,0.03218184574567788
0.035429329616585487,0.039515739580074136,0.0381747819133703,0.035591319184423736,0.034006519686796355,0.03355333677299453,0.03283236672660214,0.033023855930178495,0.0304688937297309,0.02907645375192893,0.028975244120422083,0.026971443712122393,0.028025437532894437,0.03361097643541004,0.03226856545445993,0.03238853759298812,0.030221608913762937,0.03535487449851659,0.04134062920716725,0.041015981884050444,0.03259458134192308,0.03699728198875322,0.031020553324614137,0.03577607741440622,0.04835485566810128,0.03655854193469897,0.03680134062378844,0.03701383509410482,0.033037036365130654
0.03452366927785986,0.03855487411101849,0.03872635233420095,0.03543153520318344,0.03438742126386142,0.03386450072013629,0.03301727519264188,0.03268767662182302,0.030434693454553973,0.029886819340714514,0.029261163996441804,0.026780363761997456,0.027861848989704213,0.03323743680617656,0.03252048223248325,0.032054542248612636,0.030838304196820054,0.03499832179390128,0.040494067883643084,0.04120099225171543,0.032410307101079956,0.03696926415273526,0.030526639645518973,0.03585600163573627,0.04810901788159538,0.037220838208040265,0.03789875634934213,0.03771779314229805,0.032529040202164114
0.03430813505095071,0.03828349931674459,0.03844626097466979,0.03600014830084554,0.03315218510638167,0.03430467554444608,0.03298332545458267,0.03295384471996632,0.03009888393243776,0.030093667381147597,0.029154082521236822,0.027162192285447938,0.028430129607899025,0.033911789887115316,0.0320127683505908,0.03217581868500906,0.030305247261170353,0.0348195105310591,0.04125886327482141,0.041601784104625006,0.0320814039789933,0.036467795732779106,0.031074091565519955,0.035986766306268445,0.0489067278653087,0.03679649492103002,0.03730341401547418,0.03706501314110135,0.032861480182377355
0.03566720195903673,0.0382640422604866,0.03778732480486748,0.03707378669333959,0.03374571779044296,0.03302432930348465,0.03290453854601139,0.03180792503702769,0.02995314248365289,0.030349283494347762,0.02938417079145412,0.02747931037147296,0.028555003029018106,0.03312387528305498,0.0314476525829229,0.03263879603724151,0.030258269151187466,0.034753038149120605,0.04058872704981538,0.041656940237842895,0.03162586950712591,0.03669936871528195,0.032059148319428285,0.03610852499293436,0.048121477643801765,0.0373119044551944,0.03739215443448668,0.03676186661917724,0.03345661025674075
0.0346328191797022,0.03863066301370742,0.03873618982637387,0.03539796355110001,0.033240635871027754,0.033718970642028986,0.03282861602653418,0.032578820320503674,0.030046466311446744,0.030643096320951663,0.029827922851782606,0.027657467532565712,0.02832174298391375,0.03340874776016879,0.031918396964594954,0.03325991305644213,0.029961025520554352,0.03528334596565492,0.04107991110149221,0.040616273108731116,0.0330099590046984,0.03644673228806087,0.030623688824373156,0.03577807927592273,0.04810394768375324,0.03682558909865881,0.036741218476059004,0.03735486750370357,0.03332692993549319
0.03417696239584973,0.03791115806433528,0.03899434945581245,0.035314647608920675,0.033782815036083644,0.033525812816376746,0.032874256149414305,0.03238505297081657,0.030080790243848764,0.030088525792145455,0.02888990375256307,0.027667861093644358,0.028441798146517074,0.03309694955921172,0.031855089677553114,0.03260194347449241,0.030684218056529645,0.03521610395230973,0.041018672484082086,0.04163389866024138,0.0328454188885931,0.03683961225220784,0.03113001133130012,0.03544074624764374,0.04911257344084921,0.036089204078210285,0.03653959752682274,0.03797392645657818,0.033788100387046584
0.034597209062613335,0.03933875248312835,0.037408937953087376,0.03672569927682715,0.03370788528172172,0.03415543000922904,0.03341329172404922,0.03284996065516087,0.030223358367927305,0.029796198520022087,0.029369592865194295,0.02668405736561999,0.027696502066764016,0.03362836966481169,0.03244982984594836,0.03288805439116846,0.03072511526262018,0.03469643439237034,0.03997936938118307,0.04096697840850084,0.032053566963376835,0.036731392260844785,0.03169718671797443,0.035848142375011986,0.04849188093353312,0.03707688931162435,0.03576305031545292,0.037533246265888935,0.03350361787834501
0.03365053884980844,0.03874789159422455,0.038195139358858786,0.03625916287298555,0.03374275611314412,0.03346026315104413,0.03429410299462226,0.031894845291701064,0.03009356685161601,0.030122499522311663,0.029430316812394518,0.02759139207794632,0.02862050722202894,0.033682357714335566,0.03224419101170413,0.032148703980541066,0.03081191971110414,0.03470838167563346,0.0408254352350077,0.041516816261107065,0.032375261565748756,0.03636510457018683,0.031253100561396005,0.03653749188805337,0.04779542387359575,0.03672080951362068,0.036859428362351176,0.037419246770204286,0.032633344592723684
0.03450408966559716,0.03887780628056988,0.03781812460620926,0.03545866605797406,0.03395679080728199,0.033830675731091234,0.032433232233106825,0.03246227119359931,0.02996076717733469,0.02940892186812518,0.030022449438536047,0.026748516363292524,0.027930030546997376,0.03314945072546963,0.032053186100445,0.03258773018540197,0.03050071935559594,0.03423286042517765,0.04139320638858126,0.04192464765638011,0.031922922964596714,0.03716111381213496,0.0320210531047141,0.036352544457793186,0.049607476597443224,0.03640540203865512,0.036664177405337055,0.03787296948054671,0.032738197332011845
0.03418812468032091,0.039052538002913084,0.03758102166587261,0.0365688233291611,0.03378131617953484,0.03391926783646792,0.03341816661887731,0.03210785636867918,0.030835467165810992,0.03096739414201429,0.028580504112019133,0.02676406751183995,0.027657406616883245,0.03352756190449423,0.03187772511465,0.03333152496970875,0.030634854475223083,0.035628122057898434,0.04084746268567222,0.041255126974288805,0.03183010308980671,0.03673149385646379,0.03109605279411238,0.036185058434895744,0.04753376636278719,0.037437657822497035,0.036737471708463296,0.03729060689978002,0.03263345661886373
0.03495396106297889,0.038634574445463615,0.037842262045642186,0.035776823039009545,0.0338410058870529,0.03391226261931819,0.03313773364307951,0.03239892482826691,0.030519170287969792,0.029533509325330824,0.03022597186817883,0.027290574302449012,0.028659612882012863,0.033531984590069105,0.03156774190981648,0.03269848414447067,0.030801181368034124,0.03525630132404206,0.04167974377308468,0.04133975327283366,0.03187750363778924,0.03629317503964176,0.03131338561374119,0.03562045814664233,0.047806998149649046,0.036809257562840904,0.03686088944793939,0.037005490365415214,0.03281126541723703
0.034979444403608353,0.039004791434698684,0.038053253633996184,0.036150575986391056,0.03330277328034236,0.03446831481396589,0.033378695656989005,0.03251649243822409,0.029934732399531983,0.03020679033758552,0.02992848900816924,0.027792370112034188,0.02794926231897979,0.03335540323161258,0.03207991769766623,0.03251345132483551,0.030244449166907366,0.03437986256687722,0.041581834132276764,0.04133995153880104,0.03181903226911268,0.03735153110563343,0.030537811168098915,0.03573707099649381,0.04752048871515261,0.03660393792416109,0.03724676405592067,0.03731194987812825,0.0327105584038055
0.03471846885933429,0.03858232891156404,0.038369289435072104,0.03529857589281541,0.03463291046214067,0.03320309974346061,0.032747071992867124,0.032195155231062186,0.029618703677850355,0.029741926268003233,0.029797617894966728,0.027184352095907426,0.027941600420244232,0.03331140419608402,0.03136610096865507,0.03224331995164541,0.031473927050485864,0.034911112175110524,0.04103917398771929,0.04225262128849506,0.0322748572527235,0.03682074529479724,0.03173396024086304,0.03570764873241238,0.0491261750084991,0.03634929213481024,0.036893153995063044,0.0375032146126932,0.03296219222465463
0.034953474503027396,0.03867598256937013,0.03782414950456727,0.03537554464807716,0.03393085852592446,0.03366177863388281,0.033012159767313407,0.032474113895634774,0.030814052084657186,0.029711950095958777,0.029224564619600872,0.02691150249789575,0.02781478317078561,0.03310086244693499,0.03264560090762849,0.0325775187358361,0.030208439992679404,0.03576599848175813,0.04144665920907177,0.041382017322220535,0.03224976257771374,0.03708675437689772,0.030956601408710267,0.03612553703677614,0.04938642849315055,0.036703564107258745,0.036601704795527414,0.03711760768797123,0.0322600279031692
0.03455747565207243,0.03850993747883177,0.03778056012485049,0.03582746384984202,0.03350466365416555,0.03344530731799496,0.03335913240566481,0.03271513968866144,0.030621738473406136,0.030240949980355748,0.03030105532221894,0.027110593620218865,0.028431979765184433,0.033271784672952574,0.03166402074963224,0.032850881451743884,0.030502897890341253,0.034662156624083465,0.041146974502409284,0.04063734054824311,0.03187541526139438,0.0368028660014041,0.031450644774315056,0.03597501971490484,0.04909452027445998,0.03634331253341894,0.03685237145933309,0.037523983639434794,0.03293981256846135
0.03440135940217325,0.03873664958801933,0.03895889327713145,0.03557484313151391,0.03456297809384452,0.03297395579149507,0.032797610725960616,0.032478678870798534,0.03029559714254746,0.02999520391367308,0.029948963107844874,0.026599021230705927,0.028252380983200175,0.03399254819522689,0.03201744064229588,0.03216402465787498,0.03105600359190668,0.03378168200895522,0.04151003393100413,0.04067433752783356,0.03278531148163022,0.03695983702540147,0.03180424649696627,0.036125980742425914,0.04757915315091402,0.03742220454524886,0.037080515208898844,0.037390339743651406,0.03208020579085743
0.03471982900586968,0.03917038168892123,0.0372852591093238,0.03561319289602105,0.033542322487119025,0.03311486698044117,0.03320763261170131,0.032483662933692786,0.03022449028022668,0.029925724997637078,0.03002472974117316,0.027325384657359897,0.028096435362556765,0.03355383907596503,0.03214319557083889,0.03313669419611613,0.030739247475760643,0.035410647836609646,0.04096895357110773,0.04139089188047875,0.03226078874780773,0.037172128128530976,0.030756875358530944,0.03625664720445352,0.048653305395595405,0.03692537010350475,0.03665837505213886,0.03688297670320839,0.03235615094730895
0.034157274625989095,0.03915971169052722,0.03805304069877581,0.03627280127477707,0.033654352006873785,0.03327614708496993,0.0333680420419437,0.032125718390627264,0.030489141992896856,0.029615879480965345,0.029421334781250873,0.0272694097460219,0.02846652983932016,0.033358867716426335,0.03168351728484524,0.032512750697012,0.03034292315906096,0.03513147221209373,0.04115029993840609,0.04090228800686225,0.03233771458793916,0.036778783401621475,0.03167582903115919,0.03581577636925802,0.04880046992745432,0.03640028212880911,0.03669212565604036,0.03783731109881661,0.033250205129256256
0.034651573624541986,0.03887903774291225,0.03825562381984182,0.03624281189951537,0.03405194265192726,0.03431093606889317,0.0333809491236189,0.03193420062549758,0.029606557426161872,0.029164107581030968,0.02968558168660591,0.026791733671949775,0.02846103286785487,0.0327163380053898,0.031664648312254476,0.032275931351109774,0.031019810250464096,0.03509885498408045,0.041703257958747506,0.041463973032779496,0.03247680336538809,0.037160917158395826,0.031165794346336206,0.03601247581561502,0.04854991903248495,0.036539553224851154,0.03667393788714314,0.03677411487784603,0.03328758160676245
0.03421028402573391,0.039044820660558296,0.03908743304382071,0.035743361688631445,0.03380943624708637,0.03384419005005501,0.03308579078651719,0.03201240663423181,0.029586047482058248,0.029760759980050157,0.02948847344797076,0.027347705988156484,0.028211975482465262,0.03340687454031875,0.03203712510224464,0.03257313915527968,0.030101458975245937,0.03540364324426602,0.04133044298221048,0.04191172769921357,0.03244159593078112,0.03659630815662647,0.031288369400092886,0.0358449705554169,0.04819889177959486,0.03707732021491103,0.03676739964699656,0.03741753955273054,0.03237050754673487
0.034398910667196705,0.038947863300590135,0.038632023569227514,0.0359107082676421,0.033421680927958226,0.033530047605066934,0.032672821287562236,0.03234148601600888,0.030535059499913374,0.030224178625169483,0.028363160831356767,0.02740788467864249,0.028157953393828532,0.032353944907502,0.03175503749880111,0.032806235946218655,0.030493367806525312,0.0350109503032186,0.041284368387249054,0.0419826943152844,0.03303940302761756,0.03709327284751897,0.030968345363513727,0.03683277498572612,0.048621975508497735,0.0364595706345547,0.03722648331350754,0.03711623292443546,0.032411563559665665
0.03490268909351696,0.03899212578789099,0.03821147538587999,0.03611326057450907,0.03371712843347742,0.03286886680619774,0.03294431549579256,0.03225584921933198,0.030052980551120812,0.030049823620559156,0.029941308149640265,0.026964126517491627,0.027796202259351616,0.03300102100042692,0.03221291262497731,0.032031642328561524,0.030451009657449325,0.036029844397573084,0.04082929428991737,0.04119448742685354,0.03307632036951302,0.03635633239428545,0.031863725282176146,0.03660389027368292,0.048415311203702224,0.03609314963822991,0.0362716198358025,0.03792102469537077,0.03283826268671783
0.03455233890196389,0.03906859412216342,0.03880170160826951,0.03628406601143739,0.03417511733546195,0.03269184965358213,0.03353677666155548,0.03191709420627957,0.030353440783594733,0.0302859547096397,0.028670022783130817,0.02724825129505553,0.02867823428355281,0.033491298667928875,0.03131636901641788,0.03266004505050997,0.030078148506525394,0.03559501618227253,0.040806210642954796,0.04120823773759077,0.03213864216114467,0.03640955754346988,0.03109312130907584,0.03698078860173253,0.047750579997023604,0.03731633625914705,0.03681536355762744,0.03741011995481157,0.032666722456080245
0.03442971483692833,0.039004837588917575,0.03746409869890046,0.035419324331159185,0.03362058079984026,0.03331152319928178,0.0332871548797599,0.032256778632259696,0.030015316413070425,0.030464522042436916,0.029916346414838473,0.027178008285229982,0.028078816168464117,0.032552829935386156,0.0315717421911212,0.0327963853745742,0.030841105311491986,0.03555101952655505,0.041630653489195826,0.04044989989916671,0.03235623758306837,0.03718185506326386,0.031473133096907066,0.036278471809811155,0.04919766433339378,0.03669854543202498,0.037395858204041725,0.03702421638522404,0.032553360073686866
0.034317851653318965,0.039324730167863683,0.0377078973692583,0.036265595459630186,0.03433986897709297,0.03394853350808443,0.032678964940335835,0.0329232890108038,0.02992290880274409,0.02949651225756138,0.02977761277425602,0.027812313968688617,0.028627731343170603,0.03318146934050167,0.03167647723948587,0.033402940672390746,0.030461950741698773,0.03500928423522652,0.04129405125884371,0.04135821141186492,0.03285747550633801,0.03546284810342634,0.03141281621404586,0.03632121185295577,0.048209899461426745,0.036339295107466286,0.03562979516777729,0.03724894974068712,0.03298951371305557
0.033998078073793854,0.03928371147755442,0.037991982548430316,0.03544721857424046,0.034355959897419,0.033789745446853245,0.03338783162678314,0.0322063733856919,0.030669423755366403,0.028961190992370656,0.029658075409056555,0.027485132730074628,0.029181172623478125,0.033378749644228635,0.03093575399743334,0.03175187045609438,0.03117275761861017,0.03494522943984834,0.04113710732231541,0.04077524516008424,0.03282513398922938,0.03664805681662786,0.031242825825794816,0.03595263487682166,0.0486943742872664,0.03697128843144558,0.03693600888360023,0.037000033617480096,0.03321703309200681
