wSMI_1,wSMI_2,wSMI_4,wSMI_8,p_e_1,p_e_2,p_e_4,p_e_8,k,se,msf,sef90,sef95,b,b_n,g,g_n,ft,ft_n,t,t_n,d,d_n,a_n,a,CNV,P1,P3a,P3b
0.03533749655989522,0.041019498764313385,0.036992791752908094,0.034301976335110416,0.0331689585738214,0.03245369861461133,0.034307195233218055,0.04156291353069648,0.03323071452930122,0.03203905643122167,0.027674291799152755,0.030661041178737414,0.029872232100211216,0.037710865693928786,0.0326637036595399,0.03574903400406665,0.030142708911924526,0.03420291043607145,0.03338885678200775,0.0336949471916131,0.030049572195012454,0.03333119952233855,0.032824621063570925,0.0334725132039551,0.03520356133510965,0.03845556218216071,0.04030644226530591,0.036197119199874575,0.03998451695032127
0.04058495398411315,0.036115459438894215,0.04103775728463923,0.03260424654475881,0.03714292492651684,0.036082033421526855,0.034559434776276966,0.04116401125578935,0.03256917130951047,0.0344736765833769,0.029692189288486305,0.03463922596467134,0.037017983040457954,0.03149301005341594,0.03130415315734334,0.03128461142423579,0.03236932325668405,0.032366073563447326,0.033200345538903574,0.032264591570163606,0.03138634991571331,0.03447737923968242,0.03240753441115996,0.03254537223392227,0.035018791413149966,0.037381950346077074,0.034410848008129116,0.035097742107635124,0.03530885594131874
0.03816951251799555,0.03558899319252958,0.03816892603539738,0.03586283125565859,0.03632657080465161,0.03287466499919398,0.03489832487906091,0.03704880276643002,0.03267412794246831,0.03259710399348084,0.029253586326447895,0.028291941563647255,0.030648866968430676,0.03479811031674618,0.032862992786901975,0.0318764466409777,0.030042669893181162,0.03881551094133442,0.03896214626995244,0.03377174912844312,0.03348018466645174,0.03377534552840492,0.02871474659969362,0.035954028504810234,0.03347376314121127,0.03787190745034985,0.036864685788475134,0.039266500910661334,0.03706495818701236
0.03408354529431127,0.03303149959188036,0.03487490978218728,0.03440078608859502,0.03030311599521941,0.030767515137927092,0.03500593547029726,0.03665001440624575,0.0314112331434231,0.03395932190941451,0.02989388381245551,0.034130090171394116,0.03372134172713826,0.03425987762036224,0.03410940478166891,0.03249732660925736,0.03175210239289577,0.038809611821046294,0.03503988857986188,0.03447782856052416,0.031797968804766485,0.0337672757286463,0.033911659039986,0.034729014072016846,0.042597495409512964,0.036639747983637935,0.03869788928800465,0.03873762385509776,0.035942092922225485
0.038239544469820884,0.03979329784490684,0.03660126716432673,0.03416404958138054,0.03368739500126382,0.03243153548905427,0.03276777958224943,0.03478357632378637,0.03186774716706439,0.03351994970338941,0.02724390676641562,0.03149823489951552,0.03211556592840982,0.03235083802535922,0.03213998360649256,0.031184302367323287,0.03057712220303955,0.03797333953622037,0.03980982044137292,0.033479029163810584,0.029429758911461924,0.033355564279968705,0.030208169235020656,0.033889199643636826,0.034913468478691985,0.043777389890632415,0.035917392856857785,0.04431448689820054,0.03796628454032697
0.03648291774450814,0.03666345677970515,0.03775732951259976,0.03441690765245909,0.03523085970562301,0.03417969475426723,0.033293112337699535,0.038368205313962865,0.03203864526868809,0.032817411013858246,0.03241856896163108,0.03398996893118192,0.0364053100801965,0.03429710428960333,0.032118247341309206,0.03243310034105633,0.0337762014550317,0.03437165437728966,0.03480386974455602,0.031491233648054756,0.032619806267771806,0.03161590217823971,0.03174682369368688,0.034657120127079,0.034974745275473354,0.03573562451161815,0.03594624556002029,0.03772028248683752,0.037629650645991775
0.035720184314047776,0.03684514187941131,0.0394051347475112,0.03262138273830562,0.035026288322663836,0.03236333488563185,0.03281912386675199,0.03594605037657318,0.03107178221937641,0.03222014105526965,0.028314323539096232,0.032034139829852114,0.032082783375438455,0.033624607010861854,0.0331320220209733,0.033001488372587776,0.03178278464369488,0.03662148606124739,0.038099773833708786,0.03497572846170494,0.032345670013697383,0.03404045132198762,0.03199402418091167,0.032750858847542315,0.038030532044369084,0.035937023015688824,0.03989946619691466,0.040346800414160396,0.03694747241001955
0.038623446768421624,0.0394808305550287,0.03485303316346071,0.030766073638715908,0.032845390317663876,0.035295207606387456,0.032703157184367435,0.03709716299698743,0.03283300189494498,0.03396979251237005,0.028176226449083373,0.030989689893374195,0.034746200286328015,0.033617698130485686,0.03412840346053708,0.032312139228614124,0.032677807305354314,0.037521523878825236,0.03650659024888132,0.038117731885436226,0.029200431107246756,0.03632466668308946,0.0307700567311386,0.030664826248020822,0.03359400903867764,0.03671225731029658,0.038359237272878946,0.040303679453734684,0.036809728749648794
0.03649575976570441,0.03530295030115653,0.041249110259257885,0.034823217274315206,0.035401711515425864,0.031475635928895795,0.030496491948797232,0.03850052059278887,0.02949528924258925,0.03431081706816026,0.028686344051094083,0.030178138760925555,0.03447866572961079,0.0326167111972105,0.035721111147477745,0.03173139266706827,0.029629919287518857,0.03998845854771316,0.03663434687020507,0.03483695553488244,0.029716647129966356,0.03368980517033475,0.0327044327007357,0.03446241233392639,0.03863323164940406,0.03821502586842572,0.036428609464971326,0.0363886466217898,0.03770764136964812
0.040417570817178575,0.03560053866282349,0.0374301928387563,0.0358643043120542,0.03645611780167815,0.03386350934875616,0.03618605084803538,0.034186907740233585,0.030914433758108595,0.03830187211319093,0.029392882749520004,0.03133669083205446,0.030926390506747274,0.03448769919699261,0.03193751873874719,0.031853002014107526,0.030924788243856232,0.03676147070642157,0.03779709658610396,0.033346287829909615,0.031318314582590774,0.032750649948388735,0.03269899595283348,0.034631621989136704,0.03798206852590021,0.035325191918495286,0.03372144388812253,0.036962883205041944,0.03662350434421451
0.0379213926702941,0.036276063934252215,0.036692041736998623,0.03626674337363371,0.031236208760625894,0.032210328141553356,0.03546674609798251,0.035233092287613524,0.030546110168820674,0.032214971451603194,0.03162761654002327,0.030291547081628966,0.033426572287740076,0.032316473317741,0.03279176811341139,0.031676759838353996,0.03207258582690793,0.03490275026785932,0.034233197897754676,0.03488755653902091,0.03281188338768345,0.03455264493065584,0.03312855297820114,0.03545885243765031,0.038846064833924984,0.03650294229191283,0.03618108222789028,0.04034372079412003,0.039883729784141855
0.038328217395828854,0.036290299318525614,0.04039470446872241,0.03220563835265843,0.033139064009318445,0.031790152655282414,0.033609578475196106,0.03462460872228691,0.030294286209509847,0.0354274897859782,0.029149228920159816,0.029910379023485506,0.03296680878833678,0.03494202510420925,0.03175593014579727,0.0295936381234368,0.030729257525399078,0.03524862083460477,0.03680124197182636,0.03458730151095142,0.033455324352652194,0.03460802651871951,0.03452328834125297,0.03205691979622847,0.03719058746896699,0.040673864339036137,0.03748156574239682,0.03916665886363899,0.03905529323559377
0.03426750217320841,0.03573807275532288,0.03748228993614457,0.033510206544625096,0.03342884229968473,0.0309006178274866,0.032781912767746696,0.03892417579075064,0.033383844314957424,0.03576396528026761,0.029895605108284935,0.030295647441830924,0.030659444832245152,0.032623905161312305,0.03222242348414884,0.033814723388523364,0.03136620538994463,0.03864618254132039,0.0353828568789484,0.03383617102307584,0.03448998134150575,0.033156975888154756,0.029622365809537927,0.03421726843180844,0.03652963966369991,0.03859937397539781,0.03705928350406053,0.03735429065772757,0.04404622578827795
0.03798065812519472,0.036403062051364087,0.040196005159623946,0.03695289842634939,0.03294185886942284,0.03169014888691349,0.03290346079587567,0.040138825100507695,0.031249165618635676,0.03324024363939535,0.02977071917642527,0.028859879991949687,0.030850814859921916,0.03315219662366281,0.03578578893881826,0.030808919898453156,0.029084912114801735,0.03658049046986375,0.03345148551387728,0.031826427161608856,0.03429291043936099,0.03326753917462505,0.031399323838830415,0.036321859951451804,0.03660714158600198,0.04130053471959267,0.03750110682573552,0.037259460156683376,0.038182161885052676
0.03523772563214163,0.03429786223471464,0.03571790263131121,0.033627822940772836,0.03268637104407367,0.03224906509480363,0.03354817506480704,0.036698967861165784,0.03151980918974896,0.036801632069458884,0.03358033353958472,0.029150853462340816,0.030947330754983203,0.036218612780009665,0.03524203693172162,0.03007170069966935,0.03333649962733422,0.03808459420311555,0.036793255030378294,0.03418102077320343,0.03283910707024708,0.03359253523876877,0.03088094798775749,0.03474295611868512,0.03435910252277971,0.04260124516610539,0.03541871777570784,0.035555674077502375,0.040018142477107055
0.03684081046229305,0.03578119331317301,0.03754283624150562,0.03290947761111852,0.03232847361503262,0.032893399440363444,0.03529139449522315,0.03686138550623858,0.0309181102725604,0.03511222499828907,0.029929922070843457,0.03200047187175037,0.03280879958104901,0.03607618821614939,0.03308447653632279,0.02977568468520724,0.03109331024854948,0.03550077817867752,0.03863310872409039,0.031869552829583515,0.03290011686044718,0.033628523577544915,0.031346957590462424,0.03283403886698684,0.036654124864639696,0.03921975369774785,0.03910412557048208,0.039021259271770956,0.03803950080189751
0.03505322335045062,0.03676557400468255,0.03418916393632978,0.033406798549323616,0.03652612317392121,0.035697249217755835,0.03461989318887504,0.036600748131385176,0.03106587559428472,0.031954581107287015,0.027846422124758307,0.028356522874143274,0.028203830247068868,0.033195076349040877,0.033862970393376164,0.030200543712231957,0.030835712391002613,0.03919473387060871,0.036155524924493074,0.040611169170397934,0.03039342058789647,0.034546693118860716,0.03161126329373938,0.03328309271528936,0.04251107384870555,0.03642139718802745,0.03703438068891993,0.03910674735867339,0.04075019488847041
0.03571614934733711,0.040688058161187854,0.03568098163034784,0.03735220164669649,0.03497596164163359,0.03465127930392791,0.0323199660950815,0.03463586230331236,0.03356850663466564,0.033109439326463784,0.02713502206603204,0.029228499805208318,0.03108096643947461,0.033426675525858,0.03274415091405993,0.03020795648294124,0.029222841275120127,0.037099065997048625,0.033109624559346046,0.03302978801094006,0.030734411373540143,0.03256629919834493,0.033499248519591227,0.03759973063370148,0.04112456202486839,0.03939396761198134,0.03989857088449138,0.036037123044418556,0.040163089542379474
0.03488701098674916,0.038239920648309174,0.036939496733095455,0.033106786780641995,0.03409302731337978,0.032706932167350024,0.0329043932780204,0.034158448213406536,0.030329784888181926,0.034440393307751685,0.030329849018456024,0.031175274529801233,0.03199082511857337,0.03520793173273187,0.03284881515354099,0.032838925597573065,0.029590578150154107,0.03373615370569666,0.03928852035339296,0.0330683257273628,0.03136068092987561,0.03476787786211182,0.0349845816036757,0.03282014248075266,0.034216057256373035,0.03987854552353674,0.038839139405402366,0.040031751652304284,0.04121982988179859
0.037409708035648956,0.035984171003144806,0.03869908649598876,0.037095679413423996,0.033609136361522254,0.03195775958591827,0.03407701238092041,0.03661980737472793,0.03194730350835745,0.03349112864375671,0.03142192028276381,0.028688212209321162,0.02982280773316202,0.031018074668211437,0.03060784011903796,0.03136087312776679,0.03225375960362699,0.03768859050151077,0.03464878437033153,0.03338801794730588,0.03168369980781687,0.03191318907522362,0.03505721305535046,0.035984993114969076,0.034974442140598964,0.04036966033668721,0.03716290021169554,0.03878933950232551,0.04227488938888495
0.03495045310683373,0.03395976170059588,0.037646390274248695,0.033108880139360135,0.03237041276390831,0.03286991574143926,0.031863752838547005,0.037082089959327255,0.03131519871893597,0.03344284487118469,0.03129906070027488,0.02980861724110817,0.031582509236004176,0.035091325305387784,0.033998044171624095,0.03304425488852787,0.031625240488568615,0.036263707418588476,0.0394534304844162,0.03342905056607894,0.03200244150503643,0.03286217859423542,0.033965428488470444,0.03249730521538957,0.03721192556619945,0.0380606037362062,0.036994206805684784,0.03987998917994682,0.042320980293870825
0.037452300688437266,0.035887734199129426,0.03899297554397998,0.03198141293561826,0.035522510397898374,0.0326569493832943,0.03433723925151969,0.039290596273511176,0.03130043185182532,0.032357580530961536,0.026407720725895218,0.031009001997817642,0.030585699924891623,0.03385208922313131,0.03189752727518304,0.02976963799454475,0.03061189526822381,0.03987111676696152,0.03829635949299466,0.037567271118215825,0.03081297864195142,0.031765916885055825,0.031134590052489575,0.03156330508857736,0.03876719393030057,0.03899216675431026,0.03669929868448304,0.038055947645009705,0.04256055147378752
0.03531211613720162,0.041512710777937514,0.03624253417967929,0.03650120759643559,0.03289658771895347,0.033436944530587175,0.03436988068863033,0.03725090952811349,0.0316333214661424,0.03646630889785345,0.027703378088111175,0.02890395468151507,0.03145588655499989,0.032592258588944864,0.03354275943052731,0.031946512779862324,0.030479522965253626,0.03318830245574192,0.03342671624005384,0.03536815935135314,0.03166595293504733,0.035811284061419535,0.03500131454576889,0.037264177067247634,0.03709375733725269,0.038190523238731636,0.03589503160521053,0.036990748161486495,0.03785723838993786
0.035777018870287815,0.03428926597054685,0.0376969159706758,0.03404233224293401,0.03865091430856865,0.034781756802552175,0.033240166099766585,0.03282027402630023,0.03222647759950075,0.03746290693802611,0.029125868218199936,0.029273507083637473,0.03171748239077021,0.03251114003398563,0.032197427421643735,0.03162700445541674,0.028100255973500576,0.03938869395267965,0.03840895055587641,0.03256039369101449,0.0323563423934536,0.032018420255311805,0.03234647098172147,0.034307818560901836,0.03768745737798303,0.03706639972062725,0.0373097110320594,0.03907315959084719,0.041935467481210575
0.036624412950178105,0.0359874771200421,0.03770286463019462,0.03506091260596484,0.03602667540784576,0.030474923732659327,0.03322117996952472,0.03525595102029461,0.02927526283212608,0.03141112508469079,0.029980309033209102,0.0289590933481124,0.03234663961652379,0.033359669958765936,0.038007560974147175,0.03232309229655644,0.0318107214287123,0.03506552579549048,0.03801726442531663,0.03646074781118538,0.03568323985629607,0.03380532546875575,0.03250131735061833,0.034770151539591135,0.03716321697491077,0.04116327242302799,0.03644289892480008,0.03519379433206875,0.03590537308839063
0.03445733303798753,0.03912324045176511,0.03701819123509341,0.032004608683051064,0.034256600067780606,0.03433285627608064,0.031360624276292236,0.035383303583430316,0.03132630383112074,0.03573155025920953,0.030467329594694816,0.029314035687085675,0.032024967406522366,0.03211415784707644,0.0362457814708459,0.030902497624669067,0.030854100904293646,0.03616754935061735,0.03154806961874388,0.03224604641283169,0.03275039698296821,0.03444034298947728,0.032758261241575666,0.032086058088732966,0.040069520742513895,0.044488778855990625,0.03755028398655842,0.039494673220743196,0.03948253627224782
0.03509491151256828,0.035831695659022736,0.036283286046968115,0.03775136724900097,0.03527607943256646,0.03474399680502328,0.03213927593805068,0.037155496483780553,0.030018503916802625,0.034936438117619796,0.030402556623102577,0.02961439425090654,0.03344989944408838,0.03208561217817842,0.031557103246345156,0.030507137921220034,0.0313453273035721,0.03530375621711725,0.037077552352714344,0.03553297271096092,0.03149272967990181,0.03550633413432544,0.03586601659471582,0.036297086539260004,0.037070091082556114,0.036073834284106224,0.03684108693705883,0.03920033426023341,0.0355451230782331
0.03939267576038834,0.041232466238757634,0.03402691077481122,0.03599347645733823,0.03346483972152652,0.032030060725012355,0.031219266881555047,0.03801680943856252,0.030796661113707085,0.03409102426884991,0.028240443752123708,0.02891627702379454,0.03173924352317136,0.03428336160727599,0.034746577665843284,0.03025928888420275,0.03186791685393912,0.0367390956512629,0.03341972431055679,0.03252441160277207,0.033531899093936814,0.03472575685563349,0.032754511701556,0.03554987924289952,0.035299751431426434,0.03664153365357344,0.03933311414104621,0.04020583065635859,0.03895719096811819
0.04002258955259251,0.037026657264871816,0.03685371837897784,0.03544803495976147,0.03407602825168142,0.031929187725731334,0.036673998580206736,0.03628610663341612,0.031106169817036605,0.03489208865549305,0.02838392429292268,0.029332201070691056,0.028978127292471352,0.03410312500705,0.03675451867730216,0.03191867726085819,0.030496742545029137,0.035980320140002305,0.0345006766368222,0.032854247444537375,0.029312799334689565,0.03541798825914847,0.032136919826016894,0.03563024031464236,0.040437474268664675,0.035466247193900666,0.037254553883223365,0.03916581564209349,0.03756082109016521
0.03939773264195175,0.038849458905546884,0.0377288075168927,0.03286535889202389,0.03210247823817499,0.0319441658096601,0.03282641155548558,0.03733983215851346,0.03141668697110428,0.03258111358695958,0.02981679352943929,0.03130268329518895,0.03211734684903914,0.031144730031656777,0.035504560456783255,0.030958092629919283,0.03370713781627073,0.03980473003830406,0.035447500417792724,0.03357699031306042,0.031755220842052415,0.03486803956971795,0.03365730670817713,0.03286549589384955,0.03617691172851974,0.03658347674326336,0.036259493103162586,0.038403125118553705,0.03899831863893578
0.037788656299274206,0.03798196436465401,0.04059544540645034,0.03364800041955896,0.034471515238141605,0.034081731527130274,0.034660241202530494,0.036052429589863697,0.03371384027813306,0.034840727484852715,0.02947084602957433,0.028516545728985238,0.032057251681747334,0.035556237992219374,0.0317333042024605,0.029650119028974586,0.028816377312790704,0.037899170533200334,0.03376885285192451,0.03471473347118679,0.03156057963026935,0.03645967123264711,0.03331655732231923,0.03468638465344552,0.039944851812720686,0.03611861216643893,0.03406648488127373,0.03849220374478997,0.03533666391244243
0.03677705433675233,0.03286721577322351,0.037960668057519166,0.03496726415834729,0.03571084166348286,0.03495717059198485,0.03345630251805941,0.034422199164712244,0.03045377562150687,0.03725599220970839,0.029355614318681666,0.028661827160346542,0.03032368471758599,0.03458177206123029,0.035084456384911526,0.030444766866791994,0.030132170682320093,0.03747586314702973,0.03202683891370952,0.03773489368987194,0.031328620463909815,0.03548332328966712,0.03132595241411297,0.03535225946194536,0.04290497051922704,0.03872031774846684,0.036124678630791864,0.0348821804810011,0.03922732495310165
0.038687906082776266,0.03600547195873205,0.034397949288776083,0.0316777852198078,0.0308582501768001,0.03249211837434358,0.03502641211183914,0.036968886768072994,0.031300731611109044,0.035801019204677945,0.03061763057244138,0.030118673259817548,0.03074248357155665,0.03347835079675989,0.03454053266032655,0.030686374283949425,0.03143788503820409,0.03985985474288289,0.033993427110086086,0.03628033441109232,0.0321833229950176,0.03540713902403019,0.033804508813621806,0.031501895244295655,0.04214135738719079,0.03926517406060649,0.03720378701415291,0.034976200091624984,0.03854453812540781
0.037527134707146796,0.03965239234257692,0.03729582025494191,0.03449910254086239,0.03421093367222516,0.03293172592285988,0.03565997401017072,0.036781474803155814,0.02911694024722099,0.033506643717590025,0.030051920331367887,0.02955867566123576,0.03158363571199603,0.033820574910190956,0.03279054485561288,0.03240487935847158,0.031249371785788155,0.03653533126550372,0.03518049846042086,0.03342004702100534,0.030643752947343266,0.03532996658292774,0.03461714919082331,0.03407237986600206,0.03763486145148483,0.03687463463214577,0.035647383912858176,0.03805420132952082,0.039348048506550215
0.03810867679783085,0.036934768711508636,0.04325867898124466,0.031137860213439512,0.031994402424761224,0.03275658134552019,0.03472959246002828,0.035304263840625884,0.03240391553714169,0.03601839964656691,0.029815662865853177,0.03151368183951205,0.033255507307161494,0.0324868150636501,0.03195788797375783,0.029625423472046226,0.031293701870258435,0.034412928377622054,0.03514964612153433,0.031254511445513326,0.03180918741692933,0.03267903323804509,0.03529864878960193,0.03175445226632259,0.040249738535154164,0.03780457884987863,0.04075368082545058,0.03891197648445717,0.03732579729858368
0.03834936751780391,0.0378957352900742,0.036445164001346474,0.03589782915848203,0.03467522102319147,0.03322606852944054,0.031779860146652086,0.035226101398274076,0.034723014696906494,0.03327844601444693,0.03137604170146151,0.03322713047498787,0.032211093707967355,0.03140884999724179,0.03213608485263157,0.030780414738492974,0.03225597340360552,0.03482300408836006,0.034137248887965474,0.03249632836247261,0.03404779157992827,0.03570951200191152,0.03221696955129447,0.03677243152841061,0.03312863604752864,0.037578531145689306,0.034477861006667186,0.037456556685694295,0.04226273246107086
0.034991485090264535,0.03701305905745804,0.037440373947442915,0.03510251848041763,0.03465051582503299,0.03316547519787405,0.03486499348807385,0.03696882570132723,0.02996785978911906,0.03317907391745336,0.029311188358217128,0.02937216549971381,0.03242298519489173,0.03404499836067463,0.037566728480505185,0.03156840861942607,0.030198011568120804,0.037301281036728154,0.0353476308037258,0.032339097441937144,0.0327662892173296,0.03389613795391099,0.03614577153526033,0.03480453322109097,0.03760621149216535,0.03615162103706347,0.0370603160195568,0.03548273072933732,0.03926971293588109
0.03582902934847637,0.041344841958542676,0.035791115822874045,0.0361094422054152,0.03450610705167663,0.03337432536826512,0.03197832613165523,0.03505782357292005,0.03358273051825854,0.03260218289176879,0.03041404628182386,0.02979752221505814,0.03089706931101488,0.03221805316923899,0.03235668537755106,0.03290362711263099,0.031030824301173886,0.036616929529812874,0.036175123002935225,0.03588437880374527,0.03102974024067769,0.036148966939642854,0.033516156394991836,0.03748696751089312,0.037300557153075814,0.0398405616261462,0.03624519746765716,0.035227124999186135,0.03473454369289129
0.03445953178634559,0.04220064743378589,0.039564234885753904,0.030761934344213905,0.037744506697414235,0.0365318933942797,0.033288453101233524,0.036060159656113824,0.0335267466387351,0.03425490452334337,0.0298696827525116,0.029799117034705957,0.032077328105904364,0.033014555114660414,0.03282546149964657,0.03019043456910773,0.03236059864703197,0.03771345841794446,0.03549791443572046,0.03462328982409578,0.029922087288620593,0.03122782302129588,0.03220237530519009,0.030633781651845955,0.03938134295877847,0.03893195544852773,0.03818306443443567,0.037476390231812866,0.035676326796944394
0.035361803384974654,0.03932455564067019,0.038359923274227395,0.031911893108915027,0.03604873056961472,0.03579196461558519,0.03397312211062477,0.03695797572280053,0.03229857724335733,0.03482603846014802,0.029408309640672044,0.028301496166408712,0.029003920604737048,0.0326750825229429,0.033556125697548636,0.030415313644428205,0.030062383764634742,0.035836765996837786,0.03884826394107007,0.03497439997960549,0.0322475181405799,0.03801018320682961,0.03357626451519624,0.03239885544855536,0.03633272118040768,0.03772447883344443,0.035688800990288504,0.03600575012384276,0.040078781471052045
0.03669614804548331,0.033670748086938214,0.039577974606986525,0.032950961032549624,0.0334197751485132,0.030339980931441458,0.035179126084273385,0.036615244615014655,0.030667835589088664,0.031914565170804696,0.03187446283070882,0.03055714478366146,0.03227389721761377,0.03382370896900491,0.03333354562661713,0.031875883398644174,0.03357672118835274,0.03772715621969044,0.03324869978988311,0.0346236630375204,0.035000405730022284,0.03626861147061813,0.030593297939032447,0.03326847417930848,0.03736123208400858,0.04126848038115501,0.032832464790848004,0.03882940503094359,0.040630386021272835
0.03448773632626621,0.0344991604130393,0.03379260432349238,0.034474935765725225,0.032541371108745686,0.032142820207733756,0.03217602771390514,0.03944556183787917,0.03177041336043866,0.03672464238655261,0.03138850726182142,0.02914948027346801,0.030169007654742303,0.033812195538079695,0.037315569167921205,0.031392300378237745,0.030857536984655338,0.03848790532183916,0.035377376676311405,0.034957906400627806,0.0329793368945615,0.03415931647576668,0.03655490812537657,0.03501687251883863,0.03782988272994695,0.038529317304383415,0.036666158497811636,0.03677133829791106,0.036529810053921405
0.04016807391016353,0.03509433269211184,0.03749119796636093,0.03304192942141268,0.03252324106977307,0.031714880389017146,0.03380176971622861,0.0366802587685903,0.03177649015791488,0.03516142510180851,0.03013510915614632,0.029955153524858946,0.0329108868955045,0.03402969875879196,0.03377210260451884,0.03278812861324854,0.03142973125928688,0.03522919021491925,0.036261599301273234,0.03450514429650784,0.03007657777680974,0.03532849138323984,0.03266169219496197,0.0335407795407114,0.037394133433475266,0.037972732719894306,0.03789738383529632,0.03842582216926725,0.038232043127906075
0.03585587118864782,0.03505848662367267,0.03693823829064011,0.03782089608839842,0.03140450213654061,0.031100017598628255,0.037667761487660455,0.036816314181617904,0.03182050583939751,0.03528108983498956,0.029773383436790167,0.029729291473634366,0.03199942934603589,0.03374766248118666,0.03327006792673556,0.03398525217722419,0.03071308070347773,0.03562536682596599,0.03465852451913626,0.03388609682743977,0.032592136966787554,0.03672141828656946,0.03163459366650459,0.037869374582859064,0.03479400656821992,0.037060382281829465,0.03668786942360018,0.036985626963538874,0.038502752272271075
0.03583880323775509,0.03348077518573798,0.03853488043846477,0.034209463976938956,0.034202847555064995,0.033604358031774556,0.03642589055085842,0.03477926055454342,0.02989926325872334,0.03309343834425899,0.027782633060146562,0.029940199186512157,0.03215185945377129,0.03275100032302099,0.0344178484194799,0.03123859993619807,0.034221435325659647,0.03800791034026078,0.035155969342305096,0.03485712482417182,0.03183616127515778,0.03433671596870207,0.03284292406605693,0.03473872213348415,0.03570966546473494,0.0366070520074133,0.03865020558616144,0.038709655686731945,0.04197533646591068
0.03681721414152036,0.03743781304160139,0.03854023104340594,0.035895248608254014,0.0410701786332599,0.03510723631630469,0.032845925549467116,0.034089036538274914,0.031627923660674295,0.032960130655619334,0.03049417736994428,0.03273737875611528,0.03327971360378837,0.03045686782949944,0.03171681213343095,0.034595900105665475,0.031256997507123734,0.0358130555419275,0.032043808940845415,0.03375081660138012,0.030446652128848894,0.032665983949670296,0.03646890321686962,0.03538752986712446,0.03548107165770829,0.0398054041629809,0.03456027270385496,0.03574767165601587,0.03690004407882418
0.03723481763525146,0.03885533591203813,0.038238325751914874,0.0344577979625806,0.03216793406027021,0.03179070453337337,0.03499792998070095,0.034665565876679204,0.03162232350271275,0.03298151869090663,0.03140893447032833,0.0303788849583289,0.02968675967109093,0.033152432764131226,0.03495106632768467,0.03363379532162655,0.03481885353941962,0.03334826988721781,0.036392271761747474,0.03418525226542388,0.030201445306877683,0.03505337721587644,0.03430052839940041,0.034671039853958106,0.03874899008319691,0.03736934881306893,0.036522160845120166,0.036774913002166475,0.03738942160690732
0.03447548818278358,0.034783301845291645,0.03250148172926914,0.035051308173201935,0.03507256397290487,0.032808903235087984,0.031833517573651035,0.036673884083343156,0.032950805253691665,0.03620216177717978,0.028275545894205827,0.03052368425230858,0.03268158701944805,0.03469296401601768,0.03615476216079168,0.030948052576325335,0.03114345300339914,0.03562806596370795,0.036788229596621036,0.03325418327232606,0.03411162313620798,0.035275987342109606,0.03400111129776045,0.03571129478416847,0.0347876553136705,0.03916252024406387,0.041843010530324035,0.03592715072937479,0.03673570304076424
0.03778509474723583,0.03857767873418948,0.038444487470792786,0.03638150472104963,0.033732946351137535,0.03156437624629641,0.034012671373656045,0.03923562410039007,0.030690833192291544,0.036618486507046945,0.029161450186652938,0.028176762474117895,0.031597158190641475,0.03097380062360792,0.03377253233969558,0.03067971331952072,0.027949824549563046,0.03438490609638056,0.03213535567912552,0.035521124433649943,0.031207910643128983,0.033670036307243204,0.03354112168708777,0.03583510435847216,0.03585947884399513,0.03682602684480489,0.037570364714491405,0.04597681918395703,0.03811680607977767
0.03534992368507952,0.036466027081856985,0.036349865517016224,0.03428916428276049,0.032750026405301544,0.0322524916821492,0.03595539364791965,0.038806990597871384,0.03222382373490187,0.03508367576160889,0.02984762071748396,0.029949701765816638,0.031008192078667868,0.036194938265176106,0.03296879914510462,0.03151608083506538,0.030973207600405582,0.036733312802554034,0.036279005257835464,0.033062835351817775,0.033682843299760165,0.03328983865505185,0.033262466710532325,0.03383112370622691,0.03625749447771006,0.03991123234388802,0.03622003543734124,0.03712205372325654,0.038361835429839716
0.03669434660503349,0.036051318375033184,0.03826454946090603,0.03185674784596874,0.03297460175018656,0.031207155365514362,0.031896427579207895,0.03656199661595399,0.02934767986208021,0.03382774107855216,0.028209310691439025,0.029566196134167583,0.030160463865152753,0.0348338156435394,0.034087489146833135,0.0344243132267646,0.033336784225062886,0.036079166173562785,0.03655042468652742,0.037269154552556215,0.03243999717521026,0.03872919016779641,0.03281506675868311,0.03198881783538207,0.035704148174931075,0.03718179117517477,0.03931601542301982,0.03959121101669848,0.0390340793890616
0.03849035265303245,0.0361543756865105,0.03786920809482096,0.03333557826505223,0.034395543454756886,0.03443377507378437,0.03359816021181678,0.03538835429814795,0.029551746838541126,0.03379819518554753,0.030717185058676422,0.031155412014776045,0.03530371859685192,0.03458444812533491,0.03347369989704869,0.02901409642400356,0.0315129792676882,0.038369809745119735,0.04176558080494445,0.03448554491657577,0.03256674968367877,0.03330719993095959,0.031085502725706333,0.03331646690286349,0.035418478774232556,0.03755578940328118,0.036593148780423676,0.03737217831135827,0.03538672087446567
0.03788119267996776,0.04211800698273918,0.036039469435983185,0.03354642006860929,0.03788197731896574,0.03636818437343712,0.03325987521601627,0.03468838959249876,0.03455950578023691,0.036477130414976765,0.029640234232457836,0.030028915592985317,0.032884251161756924,0.03307823195071828,0.03526041297617799,0.03212550935686039,0.030297727344784232,0.03333016125150107,0.03317231214604409,0.03334586916249686,0.02985771091641009,0.03189233929242659,0.031083071372357246,0.03325865702519006,0.03731444474566498,0.03519353093980454,0.039405228083789254,0.036924374661965464,0.039086865923177824
0.036739677456144565,0.0367605058929999,0.03573922404576964,0.0320037804214468,0.03512301865443996,0.03393521166530032,0.0316846766548623,0.03662350887219082,0.03190974466892092,0.03362008115786901,0.03250218455047853,0.031852040308038614,0.033306105119020414,0.0342029413692692,0.032971348610345265,0.0304710116394706,0.03358228417942167,0.03542218249678334,0.03294328789497463,0.033256568778819585,0.03274561616933827,0.03540923304480971,0.03458547536102342,0.03210456598413332,0.040226164463409056,0.0400492981281564,0.03555994599471135,0.03931263094108575,0.0353576854767667
0.03562233864359624,0.03353028600905044,0.03807098535877008,0.03813871347267397,0.035189693869330935,0.03356466092637152,0.03508411336146561,0.03611003207012016,0.03528058527554709,0.03391491723253204,0.029661637146969844,0.02957338476341458,0.032040915037017975,0.03179329164612291,0.032103080340390285,0.032689992967431566,0.029226255051703932,0.037851307974741406,0.03707026927249113,0.03502157226149181,0.030726799436032782,0.03235573127020807,0.03257645592031002,0.03880453700061881,0.036077085460299446,0.03644468186380111,0.03512316471464127,0.03924369614538116,0.03710981550747382
0.0338432902219544,0.03376897247846763,0.034401787784949955,0.03492860786437982,0.03403206811166403,0.03369832127179847,0.03159533336300979,0.037900101126835985,0.030063716657647364,0.03530240326493294,0.03060783988257283,0.03061932646804421,0.031039911837299445,0.033329235290853965,0.03218745858045392,0.03085834241645983,0.03265358844382481,0.03623646426235329,0.033508928417241936,0.034763272931443864,0.03131488241785393,0.03397229353403146,0.034738345371567544,0.03513513009755697,0.03687295699311026,0.04135203070110895,0.04316900281224476,0.03716159573764244,0.040944791658695134
0.037882489490742986,0.03761372012418558,0.03772811229947309,0.03479308468356358,0.033932676319408744,0.03388703636492953,0.0340270938743881,0.03581380424227376,0.03433669738257768,0.03355614433004635,0.03186665123244295,0.02965200210406118,0.03237965162257326,0.032609118981759166,0.03154883037314353,0.03201071029618098,0.03269680892656877,0.03474710822112437,0.034489883012253204,0.033376515224772835,0.03251123967355822,0.03129484779463549,0.03141149321938438,0.034959838535343846,0.03774524319354024,0.03449693122639909,0.03914461682020716,0.038604277477147245,0.04088337295331477
0.03772537019941671,0.03558228379171806,0.035255771108748384,0.034208681779070944,0.03448051230241477,0.03265895390738582,0.03615801888562363,0.03914949333152286,0.029808267864598677,0.03581318886613117,0.031233774050254043,0.0284157210035199,0.03171952826262149,0.032633454203536215,0.03837609282882544,0.030777936835770948,0.030307843942366568,0.038064224884206556,0.03521849429209151,0.03134069201577358,0.03456928606951576,0.03439700890368813,0.03332445062476092,0.03437242166751657,0.03634461443560825,0.035676994348361954,0.03681127303762365,0.0387277539753527,0.036847892581974795
0.03338843118735371,0.0353062383420988,0.042092989390818104,0.03512562458482791,0.034997554112450854,0.03425306067648145,0.0321558512304116,0.0341849273246526,0.03112019009371813,0.032451604021805656,0.03002710293579906,0.03101701230179301,0.03129023442722167,0.03462220490227949,0.03826303503167276,0.033009274889884734,0.030989458789549895,0.03301823815807329,0.03179754276927559,0.03227812914853943,0.031028243898757475,0.03551249149837068,0.036510016674719536,0.03442562056984564,0.03684513911641308,0.04257082324184887,0.039783041064776495,0.0348869759201146,0.03704894369644588
0.03732458982720279,0.035327550645214915,0.0382199660115497,0.03537308653512744,0.034022202019411,0.03311066161043319,0.032041666792749834,0.03768823246712648,0.03062545618075726,0.03466297802740639,0.030228041321106187,0.029877198602084244,0.03179304586036237,0.03272558919048664,0.034093024412185646,0.03211450037926113,0.02897069645766732,0.04145683901833794,0.03669656571110477,0.03317934563473831,0.032939042338675506,0.03211517688137247,0.0366074340486343,0.03559657054901588,0.03577694577788244,0.03833164689823606,0.034421049733035045,0.03590803160963575,0.03877286545919893
0.03861441458090044,0.03624483859133694,0.03749013193424449,0.033023943306350806,0.033560744832821676,0.03447739118607883,0.03754522526153546,0.03912746472490488,0.03346874358310734,0.03530498161176743,0.029878980656703975,0.03129393568082171,0.03464895536835679,0.030514313920306475,0.033688073443801855,0.030304792561415973,0.0325793808103036,0.03309464299204787,0.03455019039716104,0.034274257798073485,0.030792987152778145,0.03451059418733886,0.03258591704745476,0.03385021321836801,0.032680348916172774,0.037525473362117166,0.03759210579425791,0.0397350170539892,0.03704194002548217
0.03802729160501922,0.035103204472843534,0.03481973956622166,0.03481088862163384,0.03349818235582092,0.03060839204558808,0.032759045228168235,0.0360404104778902,0.030965137135014788,0.03497480325843095,0.03281055868026582,0.030345189737983936,0.034067885535059246,0.031575224836981226,0.0333537915694915,0.030036136283817294,0.030509107057673478,0.04022920047817343,0.036891905658986535,0.034195069071836726,0.03473082900644782,0.035966973198132364,0.032156674519655266,0.03481282648017743,0.03742984887370861,0.03837315450963306,0.037431250468042854,0.03615026413683579,0.03732701513046616
0.03569288357089924,0.03453961565523848,0.03956732654553476,0.03716950357611142,0.03311330280230606,0.03394705353817771,0.031454723915436154,0.034270631829424095,0.0347353893944517,0.03002289809660113,0.030497314068861754,0.02896184035365549,0.032282521009282056,0.034061677974177404,0.03374669816885585,0.032935116250672546,0.031244833596680798,0.038269564376308275,0.03754188060142829,0.03528990048045901,0.03132217416488149,0.033927940399237556,0.03464692775776375,0.03654584088279909,0.03640095756721991,0.038155842208973154,0.03774886676846086,0.03579364400827838,0.03611313043782364
0.03454470803540291,0.03452584557045694,0.04046527555137506,0.03168617436998386,0.0340205768375166,0.0333090641479799,0.03587642115170456,0.03550391025150019,0.031948687105291335,0.0327553377050335,0.029943287632395794,0.02959689371789556,0.03086959646808256,0.03247856756595764,0.03399797702527328,0.03236041227910978,0.03438346108264916,0.039752909964794025,0.03515975554705815,0.03585553484091154,0.030074084399193308,0.038162379816161024,0.03354440248329342,0.031311625334186674,0.038760195266612125,0.03659126851291512,0.03901119291470699,0.0366950741950578,0.03681538022750125
0.038625387318509646,0.0347115709318672,0.033726857593786706,0.03476571649122752,0.03246654878816715,0.03243757123220274,0.033585504405703986,0.036762271283309854,0.03302988896313176,0.035376335538744065,0.03311278773662284,0.030174618865781017,0.03447383306667594,0.033486748130930014,0.03377401424256936,0.030331781265364545,0.03074651321736207,0.033072783916474044,0.03327697814792969,0.035344390698713715,0.033440846663625935,0.034991682419960014,0.03568410326630443,0.03459157040611012,0.0378406953978137,0.03923047046689301,0.0352116028362994,0.03780714486318291,0.037919781844736565
0.03714980643434244,0.03863314846267678,0.04177202041267949,0.034409321054827566,0.03413029766778218,0.03231471411097626,0.03325241968494286,0.03976083420649439,0.029701488855907267,0.03101965713374959,0.029347314014532354,0.028213194710593126,0.030456229236680166,0.034929020043857666,0.03269976122935606,0.030146861175020124,0.029235676022923197,0.03443117335634836,0.038239564549003804,0.03637542748488809,0.030670798280122407,0.03634594427385528,0.035932406177189166,0.033255042697402926,0.03745160193126617,0.037237242086915326,0.03761875947397492,0.033255618411801496,0.04201465681989064
0.03770312077301174,0.035963681340296066,0.03390629603280683,0.03432344278408857,0.035333898851538384,0.03478691844627773,0.033464196389486514,0.035295333011024596,0.0323809681451906,0.03442889179755163,0.02956803867737674,0.03025203059259895,0.032248279679059765,0.03336034298323209,0.03277588641461386,0.03190744633989186,0.030029195368699725,0.0360198548653278,0.03388773374470941,0.03564779563455783,0.03121658449926563,0.03512911214719547,0.03123344010763144,0.035686475744880194,0.039209219405126255,0.039438285588110744,0.038119504030272144,0.03647606983589351,0.040207956770284034
